"Aeroporto","Semana","Voos_como_Destino","Voos_como_Origem","Total_Voos"
"SBVT",1,210,210,420
"SBVT",2,217,217,434
"SBVT",3,216,217,433
"SBVT",4,209,208,417
"SBVT",5,181,180,361
"SBVT",6,165,166,331
"SBVT",7,154,154,308
"SBVT",8,158,157,315
"SBVT",9,150,153,303
"SBVT",10,137,135,272
"SBVT",11,119,118,237
"SBVT",12,104,105,209
"SBVT",13,96,95,191
"SBVT",14,94,95,189
"SBVT",15,90,91,181
"SBVT",16,91,91,182
"SBVT",17,94,94,188
"SBVT",18,112,110,222
"SBVT",19,121,120,241
"SBVT",20,119,119,238
"SBVT",21,123,124,247
"SBVT",22,131,131,262
"SBVT",23,146,143,289
"SBVT",24,152,153,305
"SBVT",25,145,144,289
"SBVT",26,146,146,292
"SBVT",27,171,169,340
"SBVT",28,186,187,373
"SBVT",29,189,188,377
"SBVT",30,192,192,384
"SBVT",31,190,190,380
"SBVT",32,191,192,383
"SBVT",33,194,194,388
"SBVT",34,184,185,369
"SBVT",35,201,202,403
"SBVT",36,192,193,385
"SBVT",37,207,206,413
"SBVT",38,203,203,406
"SBVT",39,201,201,402
"SBVT",40,219,220,439
"SBVT",41,195,195,390
"SBVT",42,221,221,442
"SBVT",43,230,230,460
"SBVT",44,220,222,442
"SBVT",45,242,242,484
"SBVT",46,228,228,456
"SBVT",47,242,241,483
"SBVT",48,235,234,469
"SBVT",49,243,244,487
"SBVT",50,253,254,507
"SBVT",51,228,226,454
"SBVT",52,215,217,432
"SBVT",53,28,26,54
"SBJV",1,26,26,52
"SBJV",2,25,25,50
"SBJV",3,27,26,53
"SBJV",4,26,27,53
"SBJV",5,25,23,48
"SBJV",6,27,28,55
"SBJV",7,20,20,40
"SBJV",8,22,21,43
"SBJV",9,23,23,46
"SBJV",10,22,23,45
"SBJV",11,19,19,38
"SBJV",12,18,18,36
"SBJV",13,16,17,33
"SBJV",14,13,13,26
"SBJV",15,13,13,26
"SBJV",16,11,11,22
"SBJV",17,10,10,20
"SBJV",18,11,11,22
"SBJV",19,14,14,28
"SBJV",20,18,18,36
"SBJV",21,18,18,36
"SBJV",22,17,17,34
"SBJV",23,19,19,38
"SBJV",24,19,19,38
"SBJV",25,20,20,40
"SBJV",26,21,21,42
"SBJV",27,20,20,40
"SBJV",28,19,19,38
"SBJV",29,18,18,36
"SBJV",30,20,20,40
"SBJV",31,19,19,38
"SBJV",32,20,20,40
"SBJV",33,22,22,44
"SBJV",34,20,20,40
"SBJV",35,23,23,46
"SBJV",36,17,17,34
"SBJV",37,23,23,46
"SBJV",38,23,23,46
"SBJV",39,23,23,46
"SBJV",40,23,23,46
"SBJV",41,21,21,42
"SBJV",42,22,22,44
"SBJV",43,23,23,46
"SBJV",44,25,25,50
"SBJV",45,29,29,58
"SBJV",46,26,26,52
"SBJV",47,28,28,56
"SBJV",48,29,29,58
"SBJV",49,30,30,60
"SBJV",50,30,30,60
"SBJV",51,30,30,60
"SBJV",52,17,17,34
"SBJV",53,2,3,5
"SBDO",1,10,10,20
"SBDO",2,12,12,24
"SBDO",3,13,13,26
"SBDO",4,10,10,20
"SBDO",5,12,12,24
"SBDO",6,10,10,20
"SBDO",7,10,10,20
"SBDO",8,9,9,18
"SBDO",9,10,10,20
"SBDO",10,10,10,20
"SBDO",11,7,7,14
"SBDO",12,8,8,16
"SBDO",13,7,7,14
"SBDO",14,5,5,10
"SBDO",15,6,6,12
"SBDO",16,6,6,12
"SBDO",17,7,7,14
"SBDO",18,1,1,2
"SBCR",1,2,2,4
"SBCR",2,3,3,6
"SBCR",3,2,1,3
"SBCR",4,3,3,6
"SBCR",5,2,2,4
"SBCR",6,4,4,8
"SBCR",7,3,3,6
"SBCR",8,4,4,8
"SBCR",9,4,4,8
"SBCR",10,2,2,4
"SBCR",11,3,3,6
"SBCR",12,3,3,6
"SBCR",13,3,3,6
"SBCR",14,2,2,4
"SBCR",15,3,3,6
"SBCR",16,2,2,4
"SBCR",17,2,2,4
"SBCR",18,3,3,6
"SBCR",19,2,2,4
"SBCR",20,2,2,4
"SBCR",21,2,2,4
"SBCR",22,1,1,2
"SBCR",23,3,3,6
"SBCR",24,3,3,6
"SBCR",25,3,3,6
"SBCR",26,3,3,6
"SBCR",27,4,4,8
"SBCR",28,4,4,8
"SBCR",29,4,4,8
"SBCR",30,4,4,8
"SBCR",31,5,5,10
"SBCR",32,5,5,10
"SBCR",33,5,5,10
"SBCR",34,5,5,10
"SBCR",35,4,4,8
"SBCR",36,5,5,10
"SBCR",37,5,5,10
"SBCR",38,5,5,10
"SBCR",39,3,3,6
"SBCR",40,5,5,10
"SBCR",41,5,5,10
"SBCR",42,5,5,10
"SBCR",43,5,5,10
"SBCR",44,5,5,10
"SBCR",45,5,5,10
"SBCR",46,5,5,10
"SBCR",47,5,5,10
"SBCR",48,4,4,8
"SBCR",49,4,4,8
"SBCR",50,5,5,10
"SBCR",51,5,5,10
"SBCR",52,3,3,6
"SBSN",1,48,48,96
"SBSN",2,56,54,110
"SBSN",3,51,50,101
"SBSN",4,42,43,85
"SBSN",5,42,42,84
"SBSN",6,30,30,60
"SBSN",7,24,24,48
"SBSN",8,32,32,64
"SBSN",9,29,29,58
"SBSN",10,31,31,62
"SBSN",11,28,28,56
"SBSN",12,25,25,50
"SBSN",13,22,22,44
"SBSN",14,14,14,28
"SBSN",15,16,15,31
"SBSN",16,15,15,30
"SBSN",17,15,16,31
"SBSN",18,18,16,34
"SBSN",19,22,21,43
"SBSN",20,28,30,58
"SBSN",21,28,28,56
"SBSN",22,29,29,58
"SBSN",23,29,29,58
"SBSN",24,32,32,64
"SBSN",25,33,33,66
"SBSN",26,32,31,63
"SBSN",27,41,42,83
"SBSN",28,44,44,88
"SBSN",29,45,45,90
"SBSN",30,46,46,92
"SBSN",31,43,44,87
"SBSN",32,45,45,90
"SBSN",33,45,45,90
"SBSN",34,37,37,74
"SBSN",35,44,43,87
"SBSN",36,38,38,76
"SBSN",37,45,45,90
"SBSN",38,45,44,89
"SBSN",39,45,45,90
"SBSN",40,46,46,92
"SBSN",41,38,38,76
"SBSN",42,46,46,92
"SBSN",43,45,45,90
"SBSN",44,34,34,68
"SBSN",45,47,46,93
"SBSN",46,41,42,83
"SBSN",47,53,53,106
"SBSN",48,52,53,105
"SBSN",49,61,60,121
"SBSN",50,64,64,128
"SBSN",51,62,62,124
"SBSN",52,59,59,118
"SBSN",53,8,9,17
"SBPF",1,7,7,14
"SBPF",2,3,3,6
"SBTE",1,74,72,146
"SBTE",2,73,73,146
"SBTE",3,66,67,133
"SBTE",4,66,65,131
"SBTE",5,67,67,134
"SBTE",6,65,65,130
"SBTE",7,51,53,104
"SBTE",8,61,60,121
"SBTE",9,61,60,121
"SBTE",10,52,53,105
"SBTE",11,42,43,85
"SBTE",12,38,37,75
"SBTE",13,35,36,71
"SBTE",14,32,32,64
"SBTE",15,33,33,66
"SBTE",16,31,31,62
"SBTE",17,34,34,68
"SBTE",18,37,38,75
"SBTE",19,42,41,83
"SBTE",20,46,45,91
"SBTE",21,49,48,97
"SBTE",22,51,51,102
"SBTE",23,50,50,100
"SBTE",24,52,53,105
"SBTE",25,53,54,107
"SBTE",26,52,50,102
"SBTE",27,64,63,127
"SBTE",28,64,64,128
"SBTE",29,66,66,132
"SBTE",30,65,65,130
"SBTE",31,67,67,134
"SBTE",32,68,68,136
"SBTE",33,66,66,132
"SBTE",34,60,61,121
"SBTE",35,64,64,128
"SBTE",36,61,61,122
"SBTE",37,62,63,125
"SBTE",38,63,62,125
"SBTE",39,63,63,126
"SBTE",40,64,64,128
"SBTE",41,60,60,120
"SBTE",42,65,65,130
"SBTE",43,66,66,132
"SBTE",44,70,70,140
"SBTE",45,73,73,146
"SBTE",46,71,72,143
"SBTE",47,75,74,149
"SBTE",48,73,73,146
"SBTE",49,75,75,150
"SBTE",50,79,80,159
"SBTE",51,80,80,160
"SBTE",52,79,77,156
"SBTE",53,9,12,21
"SBPB",1,5,5,10
"SBPB",2,4,4,8
"SBPB",3,4,4,8
"SBPB",4,4,4,8
"SBPB",5,2,2,4
"SBPB",6,2,2,4
"SBPB",7,2,2,4
"SBPB",8,2,2,4
"SBPB",9,2,2,4
"SBPB",10,2,2,4
"SBPB",11,2,2,4
"SBPB",12,2,2,4
"SBPB",13,2,2,4
"SBPB",14,1,1,2
"SBPB",15,1,1,2
"SBPB",16,1,1,2
"SBPB",17,1,1,2
"SBPB",18,1,1,2
"SBPB",19,2,2,4
"SBPB",20,2,2,4
"SBPB",21,2,2,4
"SBPB",22,2,2,4
"SBPB",23,2,2,4
"SBPB",24,2,2,4
"SBPB",25,2,2,4
"SBPB",26,2,2,4
"SBPB",27,2,2,4
"SBPB",28,2,2,4
"SBPB",29,2,2,4
"SBPB",30,2,2,4
"SBPB",31,2,2,4
"SBPB",32,2,2,4
"SBPB",33,2,2,4
"SBPB",34,2,2,4
"SBPB",35,2,2,4
"SBPB",36,2,2,4
"SBPB",37,2,2,4
"SBPB",38,2,2,4
"SBPB",39,2,2,4
"SBPB",40,2,2,4
"SBPB",41,2,2,4
"SBPB",42,2,2,4
"SBPB",43,2,2,4
"SBPB",44,2,2,4
"SBPB",45,2,2,4
"SBPB",46,2,2,4
"SBPB",47,2,2,4
"SBPB",48,2,2,4
"SBPB",49,2,2,4
"SBPB",50,16,16,32
"SBPB",51,20,20,40
"SBPB",52,20,19,39
"SBPB",53,3,3,6
"SBBW",40,7,7,14
"SBBW",41,3,3,6
"SBBW",42,8,7,15
"SBBW",43,8,8,16
"SBBW",44,2,2,4
"SBBW",45,6,6,12
"SBBW",46,5,5,10
"SBBW",47,6,6,12
"SBBW",48,7,7,14
"SBBW",49,5,5,10
"SBBW",50,5,5,10
"SBBW",51,4,4,8
"SBBW",52,2,2,4
"SBGV",1,11,11,22
"SBGV",2,13,13,26
"SBGV",3,13,13,26
"SBGV",4,13,13,26
"SBGV",5,12,12,24
"SBGV",6,11,11,22
"SBGV",7,8,8,16
"SBGV",8,11,11,22
"SBGV",9,12,12,24
"SBGV",10,12,12,24
"SBGV",11,11,11,22
"SBGV",12,9,9,18
"SBGV",13,6,6,12
"SBGV",14,7,7,14
"SBGV",15,8,8,16
"SBGV",16,7,7,14
"SBGV",17,7,7,14
"SBGV",18,7,7,14
"SBGV",19,7,7,14
"SBGV",20,7,7,14
"SBGV",21,7,7,14
"SBGV",22,8,8,16
"SBGV",23,10,10,20
"SBGV",24,12,12,24
"SBGV",25,12,12,24
"SBGV",26,12,12,24
"SBGV",27,12,12,24
"SBGV",28,12,12,24
"SBGV",29,12,12,24
"SBGV",30,12,12,24
"SBGV",31,12,12,24
"SBGV",32,12,12,24
"SBGV",33,13,13,26
"SBGV",34,12,12,24
"SBGV",35,12,12,24
"SBGV",36,10,10,20
"SBGV",37,12,12,24
"SBGV",38,12,12,24
"SBGV",39,11,11,22
"SBGV",40,12,12,24
"SBGV",41,9,9,18
"SBGV",42,12,12,24
"SBGV",43,10,10,20
"SBGV",44,7,7,14
"SBGV",45,10,10,20
"SBGV",46,9,9,18
"SBGV",47,12,12,24
"SBGV",48,8,8,16
"SBGV",49,1,1,2
"SBGV",50,2,2,4
"SBGV",51,2,2,4
"SBGV",52,1,1,2
"SBGL",1,368,371,739
"SBGL",2,355,355,710
"SBGL",3,323,321,644
"SBGL",4,303,309,612
"SBGL",5,255,265,520
"SBGL",6,256,259,515
"SBGL",7,213,206,419
"SBGL",8,237,238,475
"SBGL",9,189,197,386
"SBGL",10,185,187,372
"SBGL",11,151,152,303
"SBGL",12,139,132,271
"SBGL",13,125,123,248
"SBGL",14,119,122,241
"SBGL",15,128,126,254
"SBGL",16,123,123,246
"SBGL",17,126,131,257
"SBGL",18,153,156,309
"SBGL",19,174,171,345
"SBGL",20,195,195,390
"SBGL",21,176,187,363
"SBGL",22,186,193,379
"SBGL",23,170,174,344
"SBGL",24,199,202,401
"SBGL",25,214,218,432
"SBGL",26,225,229,454
"SBGL",27,285,290,575
"SBGL",28,297,302,599
"SBGL",29,318,325,643
"SBGL",30,325,328,653
"SBGL",31,323,327,650
"SBGL",32,331,328,659
"SBGL",33,331,339,670
"SBGL",34,287,286,573
"SBGL",35,320,326,646
"SBGL",36,362,358,720
"SBGL",37,392,401,793
"SBGL",38,387,395,782
"SBGL",39,384,384,768
"SBGL",40,413,421,834
"SBGL",41,348,350,698
"SBGL",42,413,418,831
"SBGL",43,418,416,834
"SBGL",44,393,402,795
"SBGL",45,427,422,849
"SBGL",46,410,412,822
"SBGL",47,446,446,892
"SBGL",48,441,447,888
"SBGL",49,443,444,887
"SBGL",50,531,520,1051
"SBGL",51,489,504,993
"SBGL",52,480,481,961
"SBGL",53,61,55,116
"SBPJ",1,38,37,75
"SBPJ",2,43,42,85
"SBPJ",3,41,42,83
"SBPJ",4,42,42,84
"SBPJ",5,40,39,79
"SBPJ",6,35,35,70
"SBPJ",7,26,26,52
"SBPJ",8,35,36,71
"SBPJ",9,32,31,63
"SBPJ",10,31,31,62
"SBPJ",11,21,21,42
"SBPJ",12,18,19,37
"SBPJ",13,17,18,35
"SBPJ",14,16,16,32
"SBPJ",15,17,17,34
"SBPJ",16,16,16,32
"SBPJ",17,16,16,32
"SBPJ",18,19,18,37
"SBPJ",19,19,19,38
"SBPJ",20,21,21,42
"SBPJ",21,21,21,42
"SBPJ",22,20,20,40
"SBPJ",23,18,19,37
"SBPJ",24,21,20,41
"SBPJ",25,28,27,55
"SBPJ",26,28,29,57
"SBPJ",27,37,36,73
"SBPJ",28,37,37,74
"SBPJ",29,36,36,72
"SBPJ",30,40,40,80
"SBPJ",31,39,39,78
"SBPJ",32,41,40,81
"SBPJ",33,40,41,81
"SBPJ",34,36,36,72
"SBPJ",35,38,39,77
"SBPJ",36,36,36,72
"SBPJ",37,41,42,83
"SBPJ",38,43,44,87
"SBPJ",39,43,45,88
"SBPJ",40,43,44,87
"SBPJ",41,35,36,71
"SBPJ",42,41,42,83
"SBPJ",43,42,44,86
"SBPJ",44,45,47,92
"SBPJ",45,52,52,104
"SBPJ",46,49,49,98
"SBPJ",47,53,53,106
"SBPJ",48,50,51,101
"SBPJ",49,54,55,109
"SBPJ",50,54,54,108
"SBPJ",51,55,56,111
"SBPJ",52,55,54,109
"SBPJ",53,6,6,12
"SBRB",1,28,28,56
"SBRB",2,26,26,52
"SBRB",3,25,25,50
"SBRB",4,26,26,52
"SBRB",5,28,28,56
"SBRB",6,26,26,52
"SBRB",7,25,25,50
"SBRB",8,24,24,48
"SBRB",9,22,22,44
"SBRB",10,22,22,44
"SBRB",11,22,22,44
"SBRB",12,17,17,34
"SBRB",13,13,13,26
"SBRB",14,17,17,34
"SBRB",15,18,18,36
"SBRB",16,17,17,34
"SBRB",17,17,17,34
"SBRB",18,18,18,36
"SBRB",19,18,18,36
"SBRB",20,18,18,36
"SBRB",21,17,17,34
"SBRB",22,19,19,38
"SBRB",23,18,18,36
"SBRB",24,19,19,38
"SBRB",25,21,21,42
"SBRB",26,21,21,42
"SBRB",27,24,24,48
"SBRB",28,24,24,48
"SBRB",29,24,24,48
"SBRB",30,24,24,48
"SBRB",31,29,29,58
"SBRB",32,31,31,62
"SBRB",33,31,31,62
"SBRB",34,26,26,52
"SBRB",35,32,32,64
"SBRB",36,31,31,62
"SBRB",37,34,34,68
"SBRB",38,34,34,68
"SBRB",39,34,34,68
"SBRB",40,34,34,68
"SBRB",41,32,32,64
"SBRB",42,34,34,68
"SBRB",43,36,36,72
"SBRB",44,32,30,62
"SBRB",45,35,35,70
"SBRB",46,31,31,62
"SBRB",47,33,33,66
"SBRB",48,31,30,61
"SBRB",49,31,31,62
"SBRB",50,32,32,64
"SBRB",51,33,33,66
"SBRB",52,33,33,66
"SBRB",53,2,4,6
"SBCD",39,4,3,7
"SBCD",40,3,4,7
"SBCD",41,5,5,10
"SBCD",42,4,4,8
"SBCD",43,5,4,9
"SBCD",44,2,3,5
"SBCD",45,5,4,9
"SBCD",46,3,4,7
"SBCD",47,6,6,12
"SBCD",48,4,4,8
"SBCD",49,2,2,4
"SBCD",50,4,3,7
"SBCD",51,5,5,10
"SBCD",52,3,2,5
"SBAU",1,18,17,35
"SBAU",2,17,17,34
"SBAU",3,18,18,36
"SBAU",4,17,17,34
"SBAU",5,16,16,32
"SBAU",6,16,16,32
"SBAU",7,13,13,26
"SBAU",8,15,15,30
"SBAU",9,19,19,38
"SBAU",10,15,16,31
"SBAU",11,11,11,22
"SBAU",12,12,12,24
"SBAU",13,9,9,18
"SBAU",14,8,8,16
"SBAU",15,8,8,16
"SBAU",16,7,7,14
"SBAU",17,6,6,12
"SBAU",18,6,6,12
"SBAU",19,11,10,21
"SBAU",20,14,13,27
"SBAU",21,15,16,31
"SBAU",22,15,15,30
"SBAU",23,15,15,30
"SBAU",24,16,16,32
"SBAU",25,15,15,30
"SBAU",26,15,15,30
"SBAU",27,15,15,30
"SBAU",28,13,13,26
"SBAU",29,15,15,30
"SBAU",30,15,15,30
"SBAU",31,16,16,32
"SBAU",32,21,21,42
"SBAU",33,22,22,44
"SBAU",34,22,22,44
"SBAU",35,21,21,42
"SBAU",36,16,16,32
"SBAU",37,24,24,48
"SBAU",38,25,25,50
"SBAU",39,25,25,50
"SBAU",40,23,23,46
"SBAU",41,15,15,30
"SBAU",42,25,25,50
"SBAU",43,25,25,50
"SBAU",44,18,19,37
"SBAU",45,24,24,48
"SBAU",46,22,22,44
"SBAU",47,21,22,43
"SBAU",48,24,23,47
"SBAU",49,23,23,46
"SBAU",50,23,24,47
"SBAU",51,22,22,44
"SBAU",52,11,11,22
"SBAU",53,2,2,4
"SBJU",1,35,30,65
"SBJU",2,36,37,73
"SBJU",3,30,32,62
"SBJU",4,31,30,61
"SBJU",5,29,29,58
"SBJU",6,32,32,64
"SBJU",7,21,22,43
"SBJU",8,30,29,59
"SBJU",9,26,26,52
"SBJU",10,18,19,37
"SBJU",11,17,17,34
"SBJU",12,15,15,30
"SBJU",13,16,16,32
"SBJU",14,16,16,32
"SBJU",15,19,19,38
"SBJU",16,17,18,35
"SBJU",17,18,17,35
"SBJU",18,19,19,38
"SBJU",19,19,19,38
"SBJU",20,18,19,37
"SBJU",21,21,20,41
"SBJU",22,17,19,36
"SBJU",23,17,15,32
"SBJU",24,19,19,38
"SBJU",25,24,24,48
"SBJU",26,25,24,49
"SBJU",27,32,32,64
"SBJU",28,30,31,61
"SBJU",29,35,35,70
"SBJU",30,35,35,70
"SBJU",31,32,32,64
"SBJU",32,33,32,65
"SBJU",33,34,34,68
"SBJU",34,29,29,58
"SBJU",35,33,33,66
"SBJU",36,23,24,47
"SBJU",37,31,30,61
"SBJU",38,32,32,64
"SBJU",39,30,31,61
"SBJU",40,31,31,62
"SBJU",41,26,26,52
"SBJU",42,31,32,63
"SBJU",43,33,32,65
"SBJU",44,33,32,65
"SBJU",45,42,43,85
"SBJU",46,39,40,79
"SBJU",47,43,44,87
"SBJU",48,45,45,90
"SBJU",49,44,44,88
"SBJU",50,44,45,89
"SBJU",51,53,52,105
"SBJU",52,47,47,94
"SBJU",53,5,7,12
"SBVC",1,38,37,75
"SBVC",2,43,43,86
"SBVC",3,41,40,81
"SBVC",4,42,44,86
"SBVC",5,38,37,75
"SBVC",6,36,37,73
"SBVC",7,25,26,51
"SBVC",8,34,33,67
"SBVC",9,34,33,67
"SBVC",10,33,33,66
"SBVC",11,25,25,50
"SBVC",12,24,24,48
"SBVC",13,20,22,42
"SBVC",14,14,14,28
"SBVC",15,12,12,24
"SBVC",16,12,12,24
"SBVC",17,12,12,24
"SBVC",18,12,12,24
"SBVC",19,14,14,28
"SBVC",20,15,15,30
"SBVC",21,16,16,32
"SBVC",22,16,16,32
"SBVC",23,20,20,40
"SBVC",24,22,22,44
"SBVC",25,25,25,50
"SBVC",26,26,26,52
"SBVC",27,30,29,59
"SBVC",28,31,31,62
"SBVC",29,27,28,55
"SBVC",30,30,29,59
"SBVC",31,29,29,58
"SBVC",32,27,27,54
"SBVC",33,26,26,52
"SBVC",34,22,23,45
"SBVC",35,27,26,53
"SBVC",36,26,26,52
"SBVC",37,33,33,66
"SBVC",38,33,33,66
"SBVC",39,33,33,66
"SBVC",40,33,33,66
"SBVC",41,27,27,54
"SBVC",42,33,33,66
"SBVC",43,33,33,66
"SBVC",44,28,28,56
"SBVC",45,33,33,66
"SBVC",46,27,27,54
"SBVC",47,31,31,62
"SBVC",48,31,31,62
"SBVC",49,41,40,81
"SBVC",50,49,49,98
"SBVC",51,40,41,81
"SBVC",52,36,36,72
"SBVC",53,4,5,9
"SBCB",1,21,21,42
"SBCB",2,24,24,48
"SBCB",3,23,23,46
"SBCB",4,23,23,46
"SBCB",5,13,13,26
"SBCB",6,8,8,16
"SBCB",7,15,14,29
"SBCB",8,9,10,19
"SBCB",9,5,5,10
"SBCB",10,3,3,6
"SBCB",11,1,1,2
"SBCB",13,1,1,2
"SBCB",14,1,1,2
"SBCB",15,1,1,2
"SBCB",16,1,1,2
"SBCB",17,1,1,2
"SBCB",18,1,1,2
"SBCB",19,1,1,2
"SBCB",20,1,1,2
"SBCB",22,1,1,2
"SBCB",23,1,1,2
"SBCB",24,1,1,2
"SBCB",25,1,1,2
"SBCB",26,1,1,2
"SBCB",27,7,7,14
"SBCB",28,9,9,18
"SBCB",29,10,10,20
"SBCB",30,9,9,18
"SBCB",31,5,5,10
"SBCB",32,3,3,6
"SBCB",33,3,3,6
"SBCB",34,3,3,6
"SBCB",35,4,4,8
"SBCB",36,5,5,10
"SBCB",37,7,7,14
"SBCB",38,7,7,14
"SBCB",39,7,7,14
"SBCB",40,7,7,14
"SBCB",41,8,8,16
"SBCB",42,7,7,14
"SBCB",43,8,8,16
"SBCB",44,5,5,10
"SBCB",45,6,6,12
"SBCB",46,6,6,12
"SBCB",47,7,7,14
"SBCB",48,7,7,14
"SBCB",49,7,6,13
"SBCB",50,9,10,19
"SBCB",51,15,15,30
"SBCB",52,18,18,36
"SBCB",53,1,1,2
"SBSG",1,181,175,356
"SBSG",2,172,172,344
"SBSG",3,164,165,329
"SBSG",4,160,160,320
"SBSG",5,133,135,268
"SBSG",6,121,122,243
"SBSG",7,107,105,212
"SBSG",8,116,117,233
"SBSG",9,122,122,244
"SBSG",10,123,123,246
"SBSG",11,96,96,192
"SBSG",12,84,86,170
"SBSG",13,73,73,146
"SBSG",14,65,65,130
"SBSG",15,75,75,150
"SBSG",16,72,73,145
"SBSG",17,69,69,138
"SBSG",18,75,73,148
"SBSG",19,80,81,161
"SBSG",20,87,87,174
"SBSG",21,96,96,192
"SBSG",22,100,99,199
"SBSG",23,103,103,206
"SBSG",24,107,107,214
"SBSG",25,116,116,232
"SBSG",26,120,118,238
"SBSG",27,164,162,326
"SBSG",28,167,168,335
"SBSG",29,172,172,344
"SBSG",30,173,173,346
"SBSG",31,161,161,322
"SBSG",32,147,148,295
"SBSG",33,148,148,296
"SBSG",34,129,130,259
"SBSG",35,143,143,286
"SBSG",36,130,132,262
"SBSG",37,138,138,276
"SBSG",38,139,139,278
"SBSG",39,136,137,273
"SBSG",40,146,143,289
"SBSG",41,130,131,261
"SBSG",42,145,145,290
"SBSG",43,143,144,287
"SBSG",44,146,146,292
"SBSG",45,147,146,293
"SBSG",46,140,141,281
"SBSG",47,139,138,277
"SBSG",48,139,140,279
"SBSG",49,157,156,313
"SBSG",50,165,164,329
"SBSG",51,190,189,379
"SBSG",52,199,199,398
"SBSG",53,22,24,46
"SBIP",48,9,8,17
"SBIP",49,20,20,40
"SBIP",50,27,27,54
"SBIP",51,21,21,42
"SBIP",52,12,12,24
"SBIP",53,2,2,4
"SBSO",1,5,5,10
"SBSO",2,6,6,12
"SBSO",3,6,6,12
"SBSO",4,6,6,12
"SBSO",5,6,6,12
"SBSO",6,6,5,11
"SBSO",7,3,4,7
"SBSO",8,6,6,12
"SBSO",9,4,4,8
"SBSO",10,2,2,4
"SBSO",42,4,4,8
"SBSO",43,7,7,14
"SBSO",44,6,6,12
"SBSO",45,7,7,14
"SBSO",46,5,5,10
"SBSO",47,6,6,12
"SBSO",48,7,7,14
"SBSO",49,7,7,14
"SBSO",50,7,7,14
"SBSO",51,7,7,14
"SBSO",52,2,2,4
"SBCA",1,21,21,42
"SBCA",2,23,23,46
"SBCA",3,24,24,48
"SBCA",4,23,23,46
"SBCA",5,18,18,36
"SBCA",6,17,17,34
"SBCA",7,18,18,36
"SBCA",8,17,17,34
"SBCA",9,17,17,34
"SBCA",10,19,19,38
"SBCA",11,16,16,32
"SBCA",12,14,14,28
"SBCA",13,10,10,20
"SBCA",14,9,9,18
"SBCA",15,9,9,18
"SBCA",16,9,9,18
"SBCA",17,9,9,18
"SBCA",18,10,10,20
"SBCA",19,10,10,20
"SBCA",20,11,11,22
"SBCA",21,11,11,22
"SBCA",22,11,11,22
"SBCA",23,15,15,30
"SBCA",24,16,16,32
"SBCA",25,15,15,30
"SBCA",26,13,13,26
"SBCA",27,19,19,38
"SBCA",28,19,19,38
"SBCA",29,19,19,38
"SBCA",30,19,19,38
"SBCA",31,22,22,44
"SBCA",32,20,20,40
"SBCA",33,21,21,42
"SBCA",34,22,22,44
"SBCA",35,24,24,48
"SBCA",36,18,18,36
"SBCA",37,24,24,48
"SBCA",38,26,26,52
"SBCA",39,26,26,52
"SBCA",40,23,23,46
"SBCA",41,17,17,34
"SBCA",42,25,25,50
"SBCA",43,26,26,52
"SBCA",44,20,20,40
"SBCA",45,26,26,52
"SBCA",46,23,23,46
"SBCA",47,26,26,52
"SBCA",48,25,25,50
"SBCA",49,26,26,52
"SBCA",50,26,26,52
"SBCA",51,22,22,44
"SBCA",52,18,18,36
"SBCA",53,2,2,4
"SBGO",1,190,186,376
"SBGO",2,200,199,399
"SBGO",3,193,192,385
"SBGO",4,182,181,363
"SBGO",5,176,178,354
"SBGO",6,169,168,337
"SBGO",7,140,143,283
"SBGO",8,163,161,324
"SBGO",9,159,160,319
"SBGO",10,137,138,275
"SBGO",11,104,106,210
"SBGO",12,93,92,185
"SBGO",13,91,90,181
"SBGO",14,77,78,155
"SBGO",15,90,88,178
"SBGO",16,88,87,175
"SBGO",17,84,87,171
"SBGO",18,99,96,195
"SBGO",19,106,105,211
"SBGO",20,112,113,225
"SBGO",21,113,113,226
"SBGO",22,114,116,230
"SBGO",23,133,130,263
"SBGO",24,139,139,278
"SBGO",25,145,145,290
"SBGO",26,147,148,295
"SBGO",27,170,170,340
"SBGO",28,169,169,338
"SBGO",29,173,173,346
"SBGO",30,171,171,342
"SBGO",31,190,190,380
"SBGO",32,193,193,386
"SBGO",33,194,194,388
"SBGO",34,180,180,360
"SBGO",35,197,198,395
"SBGO",36,184,182,366
"SBGO",37,211,210,421
"SBGO",38,213,214,427
"SBGO",39,215,215,430
"SBGO",40,215,217,432
"SBGO",41,179,179,358
"SBGO",42,217,217,434
"SBGO",43,218,219,437
"SBGO",44,214,211,425
"SBGO",45,241,243,484
"SBGO",46,230,230,460
"SBGO",47,243,244,487
"SBGO",48,237,239,476
"SBGO",49,250,250,500
"SBGO",50,249,252,501
"SBGO",51,256,256,512
"SBGO",52,246,244,490
"SBGO",53,26,30,56
"SBDN",1,29,27,56
"SBDN",2,30,29,59
"SBDN",3,30,31,61
"SBDN",4,29,29,58
"SBDN",5,24,24,48
"SBDN",6,22,23,45
"SBDN",7,14,14,28
"SBDN",8,21,21,42
"SBDN",9,18,18,36
"SBDN",10,21,20,41
"SBDN",11,15,16,31
"SBDN",12,11,11,22
"SBDN",13,14,12,26
"SBDN",14,16,18,34
"SBDN",15,16,16,32
"SBDN",16,12,12,24
"SBDN",17,14,14,28
"SBDN",18,13,13,26
"SBDN",19,17,16,33
"SBDN",20,18,18,36
"SBDN",21,18,18,36
"SBDN",22,21,21,42
"SBDN",23,22,22,44
"SBDN",24,23,23,46
"SBDN",25,22,22,44
"SBDN",26,22,22,44
"SBDN",27,22,22,44
"SBDN",28,22,22,44
"SBDN",29,23,23,46
"SBDN",30,23,23,46
"SBDN",31,21,21,42
"SBDN",32,18,18,36
"SBDN",33,18,18,36
"SBDN",34,17,17,34
"SBDN",35,20,20,40
"SBDN",36,20,19,39
"SBDN",37,28,28,56
"SBDN",38,29,29,58
"SBDN",39,29,29,58
"SBDN",40,30,30,60
"SBDN",41,25,25,50
"SBDN",42,31,31,62
"SBDN",43,29,29,58
"SBDN",44,26,26,52
"SBDN",45,35,35,70
"SBDN",46,30,30,60
"SBDN",47,35,34,69
"SBDN",48,35,36,71
"SBDN",49,30,30,60
"SBDN",50,33,35,68
"SBDN",51,41,40,81
"SBDN",52,29,29,58
"SBDN",53,3,4,7
"SBBR",1,845,865,1710
"SBBR",2,876,876,1752
"SBBR",3,860,858,1718
"SBBR",4,819,820,1639
"SBBR",5,771,765,1536
"SBBR",6,742,747,1489
"SBBR",7,649,639,1288
"SBBR",8,700,705,1405
"SBBR",9,721,724,1445
"SBBR",10,679,677,1356
"SBBR",11,548,540,1088
"SBBR",12,456,455,911
"SBBR",13,405,407,812
"SBBR",14,380,377,757
"SBBR",15,415,418,833
"SBBR",16,393,396,789
"SBBR",17,391,389,780
"SBBR",18,471,474,945
"SBBR",19,513,517,1030
"SBBR",20,547,544,1091
"SBBR",21,569,569,1138
"SBBR",22,595,594,1189
"SBBR",23,620,622,1242
"SBBR",24,649,651,1300
"SBBR",25,650,647,1297
"SBBR",26,654,661,1315
"SBBR",27,793,792,1585
"SBBR",28,805,807,1612
"SBBR",29,824,825,1649
"SBBR",30,816,815,1631
"SBBR",31,825,822,1647
"SBBR",32,830,833,1663
"SBBR",33,847,847,1694
"SBBR",34,784,781,1565
"SBBR",35,844,849,1693
"SBBR",36,856,856,1712
"SBBR",37,932,933,1865
"SBBR",38,945,944,1889
"SBBR",39,939,939,1878
"SBBR",40,964,964,1928
"SBBR",41,890,888,1778
"SBBR",42,980,982,1962
"SBBR",43,984,985,1969
"SBBR",44,957,959,1916
"SBBR",45,1041,1043,2084
"SBBR",46,999,999,1998
"SBBR",47,1036,1037,2073
"SBBR",48,1030,1029,2059
"SBBR",49,1085,1082,2167
"SBBR",50,1130,1130,2260
"SBBR",51,1088,1084,2172
"SBBR",52,1025,1024,2049
"SBBR",53,138,127,265
"SBIH",1,5,5,10
"SBIH",2,5,5,10
"SBIH",3,5,5,10
"SBIH",4,5,5,10
"SBIH",5,5,5,10
"SBIH",6,4,4,8
"SBIH",7,4,4,8
"SBIH",8,4,4,8
"SBIH",9,5,5,10
"SBIH",10,5,5,10
"SBIH",11,5,5,10
"SBIH",12,5,5,10
"SBIH",13,5,5,10
"SBIH",14,5,5,10
"SBIH",15,5,5,10
"SBIH",16,5,5,10
"SBIH",17,5,5,10
"SBIH",18,5,5,10
"SBIH",19,5,5,10
"SBIH",20,5,5,10
"SBIH",21,4,4,8
"SBIH",22,5,5,10
"SBIH",23,5,5,10
"SBIH",24,6,6,12
"SBIH",25,6,6,12
"SBIH",26,5,5,10
"SBIH",27,6,6,12
"SBIH",28,6,6,12
"SBIH",29,6,6,12
"SBIH",30,6,6,12
"SBIH",31,6,6,12
"SBIH",32,6,6,12
"SBIH",33,5,5,10
"SBIH",34,6,6,12
"SBIH",35,5,5,10
"SBIH",36,6,6,12
"SBIH",37,6,6,12
"SBIH",38,6,6,12
"SBIH",39,6,6,12
"SBIH",40,6,6,12
"SBIH",41,6,6,12
"SBIH",42,6,6,12
"SBIH",43,6,6,12
"SBIH",44,6,6,12
"SBIH",45,6,6,12
"SBIH",46,7,7,14
"SBIH",47,9,9,18
"SBIH",48,7,7,14
"SBIH",49,8,8,16
"SBIH",50,8,8,16
"SBIH",51,8,8,16
"SBIH",52,7,7,14
"SBSI",1,16,16,32
"SBSI",2,15,15,30
"SBSI",3,16,16,32
"SBSI",4,14,14,28
"SBSI",5,14,14,28
"SBSI",6,14,14,28
"SBSI",7,10,10,20
"SBSI",8,14,14,28
"SBSI",9,14,14,28
"SBSI",10,14,14,28
"SBSI",11,14,14,28
"SBSI",12,12,12,24
"SBSI",13,13,13,26
"SBSI",14,6,6,12
"SBSI",15,5,5,10
"SBSI",16,5,5,10
"SBSI",17,4,4,8
"SBSI",18,5,5,10
"SBSI",19,7,7,14
"SBSI",20,7,7,14
"SBSI",21,7,7,14
"SBSI",22,7,7,14
"SBSI",23,7,7,14
"SBSI",24,7,7,14
"SBSI",25,9,9,18
"SBSI",26,11,10,21
"SBSI",27,15,15,30
"SBSI",28,16,16,32
"SBSI",29,16,16,32
"SBSI",30,16,16,32
"SBSI",31,21,20,41
"SBSI",32,22,23,45
"SBSI",33,22,23,45
"SBSI",34,21,22,43
"SBSI",35,19,23,42
"SBSI",36,16,17,33
"SBSI",37,18,20,38
"SBSI",38,17,19,36
"SBSI",39,18,21,39
"SBSI",40,20,21,41
"SBSI",41,14,15,29
"SBSI",42,20,20,40
"SBSI",43,22,23,45
"SBSI",44,16,17,33
"SBSI",45,20,23,43
"SBSI",46,21,21,42
"SBSI",47,22,24,46
"SBSI",48,22,22,44
"SBSI",49,21,22,43
"SBSI",50,22,23,45
"SBSI",51,23,24,47
"SBSI",52,17,18,35
"SBSI",53,2,3,5
"SBAE",1,10,9,19
"SBAE",2,10,10,20
"SBAE",3,11,11,22
"SBAE",4,13,13,26
"SBAE",5,11,12,23
"SBAE",6,12,12,24
"SBAE",7,11,11,22
"SBAE",8,13,13,26
"SBAE",9,13,13,26
"SBAE",10,10,11,21
"SBAE",11,8,8,16
"SBAE",12,7,7,14
"SBAE",13,7,7,14
"SBAE",14,6,6,12
"SBAE",15,6,6,12
"SBAE",16,6,6,12
"SBAE",17,6,6,12
"SBAE",18,6,6,12
"SBAE",19,6,6,12
"SBAE",20,8,8,16
"SBAE",21,8,8,16
"SBAE",22,10,9,19
"SBAE",23,11,12,23
"SBAE",24,13,13,26
"SBAE",25,8,8,16
"SBAE",26,8,7,15
"SBAE",27,9,9,18
"SBAE",28,8,9,17
"SBAE",29,10,9,19
"SBAE",30,9,9,18
"SBAE",31,14,14,28
"SBAE",32,19,19,38
"SBAE",33,20,20,40
"SBAE",34,18,19,37
"SBAE",35,19,18,37
"SBAE",36,11,11,22
"SBAE",37,14,14,28
"SBAE",38,14,14,28
"SBAE",39,14,14,28
"SBAE",40,14,14,28
"SBAE",41,13,13,26
"SBAE",42,15,15,30
"SBAE",43,15,15,30
"SBAE",44,14,14,28
"SBAE",45,18,18,36
"SBAE",46,17,17,34
"SBAE",47,18,19,37
"SBAE",48,15,14,29
"SBAE",49,14,14,28
"SBAE",50,16,17,33
"SBAE",51,14,13,27
"SBAE",52,7,7,14
"SBAE",53,0,1,1
"SBRF",1,659,657,1316
"SBRF",2,681,683,1364
"SBRF",3,672,671,1343
"SBRF",4,666,666,1332
"SBRF",5,616,617,1233
"SBRF",6,600,596,1196
"SBRF",7,520,521,1041
"SBRF",8,582,582,1164
"SBRF",9,587,584,1171
"SBRF",10,584,583,1167
"SBRF",11,523,524,1047
"SBRF",12,491,489,980
"SBRF",13,470,466,936
"SBRF",14,405,408,813
"SBRF",15,440,441,881
"SBRF",16,431,427,858
"SBRF",17,436,438,874
"SBRF",18,452,449,901
"SBRF",19,485,485,970
"SBRF",20,513,511,1024
"SBRF",21,525,525,1050
"SBRF",22,523,517,1040
"SBRF",23,541,545,1086
"SBRF",24,577,576,1153
"SBRF",25,592,590,1182
"SBRF",26,601,597,1198
"SBRF",27,662,662,1324
"SBRF",28,672,672,1344
"SBRF",29,679,675,1354
"SBRF",30,682,682,1364
"SBRF",31,663,659,1322
"SBRF",32,652,644,1296
"SBRF",33,650,645,1295
"SBRF",34,635,630,1265
"SBRF",35,645,638,1283
"SBRF",36,601,593,1194
"SBRF",37,652,643,1295
"SBRF",38,657,652,1309
"SBRF",39,664,655,1319
"SBRF",40,691,683,1374
"SBRF",41,572,568,1140
"SBRF",42,692,684,1376
"SBRF",43,704,699,1403
"SBRF",44,659,658,1317
"SBRF",45,733,728,1461
"SBRF",46,685,678,1363
"SBRF",47,731,726,1457
"SBRF",48,734,724,1458
"SBRF",49,765,752,1517
"SBRF",50,781,772,1553
"SBRF",51,822,807,1629
"SBRF",52,761,751,1512
"SBRF",53,93,90,183
"SBMI",11,1,1,2
"SBMI",24,0,1,1
"SBMI",29,1,0,1
"SBMI",30,0,1,1
"SBMI",34,1,0,1
"SBMI",39,0,1,1
"SBMI",40,1,0,1
"SBMI",43,1,1,2
"SBMI",46,0,1,1
"SBKP",1,916,947,1863
"SBKP",2,1018,1020,2038
"SBKP",3,1027,1028,2055
"SBKP",4,1007,1003,2010
"SBKP",5,971,981,1952
"SBKP",6,969,965,1934
"SBKP",7,798,801,1599
"SBKP",8,948,955,1903
"SBKP",9,973,970,1943
"SBKP",10,965,950,1915
"SBKP",11,885,896,1781
"SBKP",12,832,833,1665
"SBKP",13,808,813,1621
"SBKP",14,736,735,1471
"SBKP",15,778,779,1557
"SBKP",16,754,754,1508
"SBKP",17,782,787,1569
"SBKP",18,778,774,1552
"SBKP",19,839,850,1689
"SBKP",20,914,913,1827
"SBKP",21,916,923,1839
"SBKP",22,915,912,1827
"SBKP",23,900,912,1812
"SBKP",24,972,974,1946
"SBKP",25,954,955,1909
"SBKP",26,958,963,1921
"SBKP",27,997,996,1993
"SBKP",28,992,991,1983
"SBKP",29,1011,1014,2025
"SBKP",30,1021,1018,2039
"SBKP",31,1064,1065,2129
"SBKP",32,1104,1105,2209
"SBKP",33,1110,1108,2218
"SBKP",34,1120,1125,2245
"SBKP",35,1118,1126,2244
"SBKP",36,975,964,1939
"SBKP",37,1139,1140,2279
"SBKP",38,1161,1156,2317
"SBKP",39,1144,1147,2291
"SBKP",40,1159,1157,2316
"SBKP",41,986,983,1969
"SBKP",42,1165,1170,2335
"SBKP",43,1160,1161,2321
"SBKP",44,1030,1024,2054
"SBKP",45,1216,1220,2436
"SBKP",46,1107,1106,2213
"SBKP",47,1201,1205,2406
"SBKP",48,1168,1160,2328
"SBKP",49,1189,1193,2382
"SBKP",50,1222,1200,2422
"SBKP",51,1152,1175,2327
"SBKP",52,913,915,1828
"SBKP",53,115,94,209
"SBUR",5,4,4,8
"SBUR",6,7,7,14
"SBUR",7,5,5,10
"SBUR",8,7,7,14
"SBUR",9,7,7,14
"SBUR",10,7,6,13
"SBUR",11,7,7,14
"SBUR",12,7,7,14
"SBUR",13,7,8,15
"SBUR",14,5,5,10
"SBUR",15,5,5,10
"SBUR",16,5,5,10
"SBUR",17,5,5,10
"SBUR",18,7,7,14
"SBUR",19,7,7,14
"SBUR",20,6,6,12
"SBUR",21,6,6,12
"SBUR",22,4,4,8
"SBUR",23,6,6,12
"SBUR",24,10,10,20
"SBUR",25,5,5,10
"SBUR",26,5,5,10
"SBUR",27,6,6,12
"SBUR",28,6,6,12
"SBUR",29,6,6,12
"SBUR",30,6,6,12
"SBUR",31,8,8,16
"SBUR",32,8,8,16
"SBUR",33,7,7,14
"SBUR",34,7,7,14
"SBUR",35,7,7,14
"SBUR",36,8,7,15
"SBUR",37,14,14,28
"SBUR",38,14,14,28
"SBUR",39,14,14,28
"SBUR",40,16,16,32
"SBUR",41,12,12,24
"SBUR",42,13,15,28
"SBUR",43,13,13,26
"SBUR",44,9,9,18
"SBUR",45,14,13,27
"SBUR",46,12,12,24
"SBUR",47,19,19,38
"SBUR",48,18,18,36
"SBUR",49,18,17,35
"SBUR",50,18,19,37
"SBUR",51,16,15,31
"SBUR",52,14,14,28
"SBUR",53,1,2,3
"SBPG",1,4,4,8
"SBPG",2,4,4,8
"SBPG",3,4,4,8
"SBPG",4,4,4,8
"SBPG",5,4,4,8
"SBPG",6,4,4,8
"SBPG",7,4,4,8
"SBPG",8,4,4,8
"SBPG",9,4,4,8
"SBPG",10,2,2,4
"SBPG",51,3,3,6
"SBPG",52,3,3,6
"SBTU",47,2,2,4
"SBTU",48,4,4,8
"SBTU",49,4,4,8
"SBTU",50,4,4,8
"SBTU",51,4,4,8
"SBTU",52,2,2,4
"SBBP",50,1,1,2
"SBMG",1,52,50,102
"SBMG",2,52,53,105
"SBMG",3,49,48,97
"SBMG",4,51,52,103
"SBMG",5,53,53,106
"SBMG",6,52,52,104
"SBMG",7,44,43,87
"SBMG",8,47,48,95
"SBMG",9,47,45,92
"SBMG",10,40,39,79
"SBMG",11,35,35,70
"SBMG",12,29,29,58
"SBMG",13,25,25,50
"SBMG",14,20,20,40
"SBMG",15,22,22,44
"SBMG",16,21,22,43
"SBMG",17,21,20,41
"SBMG",18,22,22,44
"SBMG",19,24,25,49
"SBMG",20,27,27,54
"SBMG",21,27,28,55
"SBMG",22,28,29,57
"SBMG",23,37,37,74
"SBMG",24,41,41,82
"SBMG",25,39,39,78
"SBMG",26,40,40,80
"SBMG",27,32,32,64
"SBMG",28,33,33,66
"SBMG",29,38,38,76
"SBMG",30,40,40,80
"SBMG",31,40,40,80
"SBMG",32,47,47,94
"SBMG",33,47,47,94
"SBMG",34,44,44,88
"SBMG",35,45,46,91
"SBMG",36,50,47,97
"SBMG",37,62,63,125
"SBMG",38,63,63,126
"SBMG",39,64,64,128
"SBMG",40,65,65,130
"SBMG",41,51,51,102
"SBMG",42,60,60,120
"SBMG",43,62,62,124
"SBMG",44,54,54,108
"SBMG",45,69,69,138
"SBMG",46,62,62,124
"SBMG",47,67,70,137
"SBMG",48,62,61,123
"SBMG",49,70,69,139
"SBMG",50,70,71,141
"SBMG",51,68,65,133
"SBMG",52,57,58,115
"SBMG",53,6,10,16
"SBPV",1,51,50,101
"SBPV",2,52,52,104
"SBPV",3,53,53,106
"SBPV",4,51,51,102
"SBPV",5,49,47,96
"SBPV",6,48,48,96
"SBPV",7,36,37,73
"SBPV",8,43,43,86
"SBPV",9,46,46,92
"SBPV",10,46,46,92
"SBPV",11,41,40,81
"SBPV",12,33,33,66
"SBPV",13,26,28,54
"SBPV",14,27,26,53
"SBPV",15,28,28,56
"SBPV",16,27,27,54
"SBPV",17,28,28,56
"SBPV",18,30,30,60
"SBPV",19,33,33,66
"SBPV",20,32,32,64
"SBPV",21,35,35,70
"SBPV",22,35,36,71
"SBPV",23,35,35,70
"SBPV",24,38,38,76
"SBPV",25,40,38,78
"SBPV",26,39,42,81
"SBPV",27,42,42,84
"SBPV",28,40,39,79
"SBPV",29,41,41,82
"SBPV",30,41,41,82
"SBPV",31,49,47,96
"SBPV",32,51,51,102
"SBPV",33,56,55,111
"SBPV",34,45,47,92
"SBPV",35,52,50,102
"SBPV",36,47,47,94
"SBPV",37,53,53,106
"SBPV",38,54,54,108
"SBPV",39,53,53,106
"SBPV",40,54,54,108
"SBPV",41,49,49,98
"SBPV",42,55,54,109
"SBPV",43,54,55,109
"SBPV",44,53,53,106
"SBPV",45,67,67,134
"SBPV",46,56,58,114
"SBPV",47,67,68,135
"SBPV",48,65,66,131
"SBPV",49,73,75,148
"SBPV",50,69,69,138
"SBPV",51,74,72,146
"SBPV",52,67,69,136
"SBPV",53,10,11,21
"SBSJ",2,0,1,1
"SBSJ",10,1,1,2
"SBSJ",11,1,0,1
"SBSJ",19,1,2,3
"SBSJ",22,1,0,1
"SBSJ",24,2,2,4
"SBSJ",27,1,1,2
"SBSJ",29,2,3,5
"SBSJ",30,1,1,2
"SBSJ",39,1,1,2
"SBSJ",40,1,0,1
"SBSJ",41,5,5,10
"SBSJ",42,1,2,3
"SBSJ",43,2,1,3
"SBSJ",44,0,1,1
"SBSJ",46,3,0,3
"SBSJ",47,1,2,3
"SBSJ",50,2,2,4
"SBSJ",51,0,1,1
"SBSJ",53,1,0,1
"SBCP",5,4,4,8
"SBCP",6,6,6,12
"SBCP",7,2,2,4
"SBCP",8,4,4,8
"SBCP",9,6,6,12
"SBCP",10,4,4,8
"SBCP",11,4,4,8
"SBCP",19,1,1,2
"SBCP",20,3,3,6
"SBCP",21,3,3,6
"SBCP",22,4,4,8
"SBCP",23,1,1,2
"SBCP",24,2,2,4
"SBCP",25,2,2,4
"SBCP",26,2,2,4
"SBCP",27,2,2,4
"SBCP",28,3,3,6
"SBCP",29,3,3,6
"SBCP",30,3,3,6
"SBCP",31,3,3,6
"SBCP",32,10,10,20
"SBCP",33,11,11,22
"SBCP",34,10,10,20
"SBCP",35,10,10,20
"SBCP",36,6,6,12
"SBCP",37,5,5,10
"SBCP",38,5,5,10
"SBCP",39,5,5,10
"SBCP",40,9,8,17
"SBCP",41,4,4,8
"SBCP",42,8,8,16
"SBCP",43,10,10,20
"SBCP",44,6,6,12
"SBCP",45,10,10,20
"SBCP",46,9,9,18
"SBCP",47,10,10,20
"SBCP",48,9,9,18
"SBCP",49,10,10,20
"SBCP",50,10,10,20
"SBCP",51,5,5,10
"SBCP",52,3,3,6
"SBUA",1,4,4,8
"SBUA",2,4,4,8
"SBUA",3,4,4,8
"SBUA",4,4,4,8
"SBUA",5,4,4,8
"SBUA",6,4,4,8
"SBUA",7,3,3,6
"SBUA",8,3,3,6
"SBUA",9,3,3,6
"SBUA",10,3,3,6
"SBUA",11,3,3,6
"SBUA",12,3,3,6
"SBUA",13,3,3,6
"SBUA",14,2,2,4
"SBUA",15,3,3,6
"SBUA",16,3,3,6
"SBUA",17,3,3,6
"SBUA",18,3,3,6
"SBUA",19,2,2,4
"SBUA",20,2,2,4
"SBUA",21,3,3,6
"SBUA",22,3,3,6
"SBUA",23,3,3,6
"SBUA",24,3,3,6
"SBUA",25,3,3,6
"SBUA",26,3,3,6
"SBUA",27,3,3,6
"SBUA",28,3,3,6
"SBUA",29,3,3,6
"SBUA",30,3,3,6
"SBUA",31,5,5,10
"SBUA",32,6,6,12
"SBUA",33,6,6,12
"SBUA",34,6,6,12
"SBUA",35,5,5,10
"SBUA",36,6,6,12
"SBUA",37,6,6,12
"SBUA",38,6,6,12
"SBUA",39,6,6,12
"SBUA",40,6,6,12
"SBUA",41,4,4,8
"SBUA",42,6,6,12
"SBUA",43,6,6,12
"SBUA",44,5,5,10
"SBUA",45,5,5,10
"SBUA",46,4,4,8
"SBUA",47,5,5,10
"SBUA",48,4,4,8
"SBUA",49,3,3,6
"SBUA",50,3,3,6
"SBUA",51,3,3,6
"SBUA",52,2,2,4
"SBPS",1,211,203,414
"SBPS",2,199,200,399
"SBPS",3,187,187,374
"SBPS",4,184,185,369
"SBPS",5,141,144,285
"SBPS",6,109,106,215
"SBPS",7,119,119,238
"SBPS",8,106,110,216
"SBPS",9,98,98,196
"SBPS",10,107,107,214
"SBPS",11,86,86,172
"SBPS",12,76,77,153
"SBPS",13,65,66,131
"SBPS",14,53,53,106
"SBPS",15,58,58,116
"SBPS",16,58,58,116
"SBPS",17,58,58,116
"SBPS",18,57,57,114
"SBPS",19,59,59,118
"SBPS",20,61,61,122
"SBPS",21,65,65,130
"SBPS",22,77,77,154
"SBPS",23,84,84,168
"SBPS",24,87,87,174
"SBPS",25,91,91,182
"SBPS",26,93,93,186
"SBPS",27,141,140,281
"SBPS",28,142,142,284
"SBPS",29,149,148,297
"SBPS",30,151,151,302
"SBPS",31,124,126,250
"SBPS",32,108,108,216
"SBPS",33,108,108,216
"SBPS",34,100,100,200
"SBPS",35,103,102,205
"SBPS",36,125,126,251
"SBPS",37,114,114,228
"SBPS",38,111,111,222
"SBPS",39,112,112,224
"SBPS",40,122,119,241
"SBPS",41,131,134,265
"SBPS",42,126,125,251
"SBPS",43,126,128,254
"SBPS",44,142,143,285
"SBPS",45,141,141,282
"SBPS",46,140,138,278
"SBPS",47,135,136,271
"SBPS",48,134,134,268
"SBPS",49,171,171,342
"SBPS",50,190,190,380
"SBPS",51,211,209,420
"SBPS",52,226,225,451
"SBPS",53,27,30,57
"SBSL",1,95,93,188
"SBSL",2,101,101,202
"SBSL",3,92,92,184
"SBSL",4,90,90,180
"SBSL",5,80,79,159
"SBSL",6,76,75,151
"SBSL",7,63,64,127
"SBSL",8,71,70,141
"SBSL",9,76,75,151
"SBSL",10,77,78,155
"SBSL",11,67,67,134
"SBSL",12,57,58,115
"SBSL",13,53,51,104
"SBSL",14,35,36,71
"SBSL",15,39,39,78
"SBSL",16,39,38,77
"SBSL",17,37,38,75
"SBSL",18,44,45,89
"SBSL",19,45,45,90
"SBSL",20,46,46,92
"SBSL",21,45,45,90
"SBSL",22,51,51,102
"SBSL",23,56,56,112
"SBSL",24,67,67,134
"SBSL",25,68,67,135
"SBSL",26,70,66,136
"SBSL",27,85,86,171
"SBSL",28,89,88,177
"SBSL",29,88,89,177
"SBSL",30,88,88,176
"SBSL",31,87,88,175
"SBSL",32,84,84,168
"SBSL",33,85,84,169
"SBSL",34,79,80,159
"SBSL",35,83,81,164
"SBSL",36,79,79,158
"SBSL",37,87,89,176
"SBSL",38,89,89,178
"SBSL",39,91,90,181
"SBSL",40,85,85,170
"SBSL",41,81,81,162
"SBSL",42,85,86,171
"SBSL",43,85,85,170
"SBSL",44,88,88,176
"SBSL",45,112,119,231
"SBSL",46,101,106,207
"SBSL",47,113,118,231
"SBSL",48,110,116,226
"SBSL",49,110,117,227
"SBSL",50,108,116,224
"SBSL",51,122,125,247
"SBSL",52,112,114,226
"SBSL",53,14,18,32
"SBCN",1,5,5,10
"SBCN",2,4,4,8
"SBCN",3,4,4,8
"SBCN",4,4,4,8
"SBCN",5,4,4,8
"SBCN",6,5,5,10
"SBCN",7,5,5,10
"SBCN",8,5,5,10
"SBCN",9,5,5,10
"SBCN",10,5,5,10
"SBCN",11,4,4,8
"SBCN",12,4,4,8
"SBCN",13,1,1,2
"SBCN",18,1,1,2
"SBCN",19,2,2,4
"SBCN",20,2,2,4
"SBCN",21,2,2,4
"SBCN",22,3,3,6
"SBCN",23,4,4,8
"SBCN",24,4,4,8
"SBCN",25,4,4,8
"SBCN",26,4,4,8
"SBCN",27,6,6,12
"SBCN",28,6,6,12
"SBCN",29,7,7,14
"SBCN",30,7,7,14
"SBCN",31,6,6,12
"SBCN",32,5,5,10
"SBCN",33,5,5,10
"SBCN",34,7,7,14
"SBCN",35,6,6,12
"SBCN",36,6,6,12
"SBCN",37,7,7,14
"SBCN",38,8,8,16
"SBCN",39,8,8,16
"SBCN",40,9,9,18
"SBCN",41,8,8,16
"SBCN",42,9,9,18
"SBCN",43,9,9,18
"SBCN",44,10,10,20
"SBCN",45,7,7,14
"SBCN",46,8,8,16
"SBCN",47,7,7,14
"SBCN",48,6,6,12
"SBCN",49,7,7,14
"SBCN",50,7,7,14
"SBCN",51,9,9,18
"SBCN",52,8,8,16
"SBMQ",1,34,34,68
"SBMQ",2,39,39,78
"SBMQ",3,34,34,68
"SBMQ",4,30,30,60
"SBMQ",5,29,29,58
"SBMQ",6,28,28,56
"SBMQ",7,26,26,52
"SBMQ",8,28,28,56
"SBMQ",9,29,29,58
"SBMQ",10,30,30,60
"SBMQ",11,24,24,48
"SBMQ",12,21,21,42
"SBMQ",13,17,17,34
"SBMQ",14,20,20,40
"SBMQ",15,21,20,41
"SBMQ",16,21,21,42
"SBMQ",17,20,20,40
"SBMQ",18,21,22,43
"SBMQ",19,23,23,46
"SBMQ",20,22,22,44
"SBMQ",21,20,20,40
"SBMQ",22,24,24,48
"SBMQ",23,22,22,44
"SBMQ",24,26,26,52
"SBMQ",25,31,31,62
"SBMQ",26,31,31,62
"SBMQ",27,38,38,76
"SBMQ",28,37,37,74
"SBMQ",29,36,36,72
"SBMQ",30,38,38,76
"SBMQ",31,36,36,72
"SBMQ",32,38,38,76
"SBMQ",33,39,39,78
"SBMQ",34,29,29,58
"SBMQ",35,38,37,75
"SBMQ",36,32,32,64
"SBMQ",37,37,37,74
"SBMQ",38,37,37,74
"SBMQ",39,39,39,78
"SBMQ",40,40,40,80
"SBMQ",41,34,34,68
"SBMQ",42,43,43,86
"SBMQ",43,40,40,80
"SBMQ",44,38,37,75
"SBMQ",45,52,52,104
"SBMQ",46,42,42,84
"SBMQ",47,48,48,96
"SBMQ",48,49,48,97
"SBMQ",49,54,54,108
"SBMQ",50,57,56,113
"SBMQ",51,61,61,122
"SBMQ",52,53,53,106
"SBMQ",53,6,8,14
"SBTT",1,6,6,12
"SBTT",2,6,6,12
"SBTT",3,7,7,14
"SBTT",4,7,7,14
"SBTT",5,7,7,14
"SBTT",6,8,8,16
"SBTT",7,4,4,8
"SBTT",8,7,7,14
"SBTT",9,5,5,10
"SBTT",10,5,5,10
"SBTT",11,5,5,10
"SBTT",12,4,4,8
"SBTT",13,5,5,10
"SBTT",14,6,6,12
"SBTT",15,7,7,14
"SBTT",16,7,7,14
"SBTT",17,7,7,14
"SBTT",18,7,7,14
"SBTT",19,7,7,14
"SBTT",20,7,7,14
"SBTT",21,7,7,14
"SBTT",22,7,7,14
"SBTT",23,6,6,12
"SBTT",24,6,6,12
"SBTT",25,5,5,10
"SBTT",26,4,4,8
"SBTT",27,4,4,8
"SBTT",28,4,4,8
"SBTT",29,4,4,8
"SBTT",30,4,4,8
"SBTT",31,6,6,12
"SBTT",32,7,7,14
"SBTT",33,7,7,14
"SBTT",34,7,6,13
"SBTT",35,7,8,15
"SBTT",36,4,4,8
"SBTT",37,7,7,14
"SBTT",38,7,7,14
"SBTT",39,7,7,14
"SBTT",40,7,7,14
"SBTT",41,5,5,10
"SBTT",42,7,7,14
"SBTT",43,7,7,14
"SBTT",44,5,4,9
"SBTT",45,7,7,14
"SBTT",46,6,6,12
"SBTT",47,7,7,14
"SBTT",48,7,7,14
"SBTT",49,7,7,14
"SBTT",50,8,8,16
"SBTT",51,8,8,16
"SBTT",52,7,7,14
"SBTT",53,1,1,2
"SBBV",1,22,22,44
"SBBV",2,26,25,51
"SBBV",3,27,28,55
"SBBV",4,28,27,55
"SBBV",5,27,28,55
"SBBV",6,25,25,50
"SBBV",7,20,20,40
"SBBV",8,30,30,60
"SBBV",9,28,28,56
"SBBV",10,26,25,51
"SBBV",11,21,22,43
"SBBV",12,23,23,46
"SBBV",13,21,21,42
"SBBV",14,16,16,32
"SBBV",15,17,17,34
"SBBV",16,16,16,32
"SBBV",17,19,19,38
"SBBV",18,21,20,41
"SBBV",19,24,23,47
"SBBV",20,23,25,48
"SBBV",21,26,24,50
"SBBV",22,25,26,51
"SBBV",23,20,20,40
"SBBV",24,24,24,48
"SBBV",25,28,28,56
"SBBV",26,25,25,50
"SBBV",27,25,26,51
"SBBV",28,25,25,50
"SBBV",29,27,26,53
"SBBV",30,29,30,59
"SBBV",31,27,27,54
"SBBV",32,26,26,52
"SBBV",33,29,28,57
"SBBV",34,26,26,52
"SBBV",35,30,31,61
"SBBV",36,24,24,48
"SBBV",37,30,30,60
"SBBV",38,29,28,57
"SBBV",39,31,32,63
"SBBV",40,29,29,58
"SBBV",41,28,27,55
"SBBV",42,30,31,61
"SBBV",43,32,32,64
"SBBV",44,27,27,54
"SBBV",45,34,35,69
"SBBV",46,27,27,54
"SBBV",47,29,29,58
"SBBV",48,32,32,64
"SBBV",49,34,37,71
"SBBV",50,36,41,77
"SBBV",51,37,40,77
"SBBV",52,35,39,74
"SBBV",53,5,6,11
"SBAC",1,2,2,4
"SBAC",2,2,2,4
"SBAC",3,2,2,4
"SBAC",4,2,2,4
"SBAC",5,2,2,4
"SBAC",6,1,1,2
"SBAC",7,1,1,2
"SBAC",8,1,1,2
"SBAC",26,1,1,2
"SBAC",27,3,3,6
"SBAC",28,3,3,6
"SBAC",29,3,3,6
"SBAC",30,3,3,6
"SBAC",31,3,3,6
"SBAC",32,3,3,6
"SBAC",33,3,3,6
"SBAC",34,3,3,6
"SBAC",35,3,3,6
"SBAC",36,3,3,6
"SBAC",37,3,3,6
"SBAC",38,3,3,6
"SBAC",39,2,2,4
"SBAC",40,3,3,6
"SBAC",41,3,3,6
"SBAC",42,3,3,6
"SBAC",43,3,3,6
"SBAC",44,3,3,6
"SBAC",45,3,3,6
"SBAC",46,3,3,6
"SBAC",47,3,3,6
"SBAC",48,3,3,6
"SBAC",49,3,3,6
"SBAC",50,3,3,6
"SBAC",51,3,3,6
"SBAC",52,1,1,2
"SBCZ",1,8,8,16
"SBCZ",2,6,6,12
"SBCZ",3,5,5,10
"SBCZ",4,5,5,10
"SBCZ",5,7,7,14
"SBCZ",6,5,5,10
"SBCZ",7,5,5,10
"SBCZ",8,5,5,10
"SBCZ",9,5,5,10
"SBCZ",10,5,5,10
"SBCZ",11,5,5,10
"SBCZ",12,5,5,10
"SBCZ",13,5,4,9
"SBCZ",14,5,5,10
"SBCZ",15,5,5,10
"SBCZ",16,5,5,10
"SBCZ",17,5,5,10
"SBCZ",18,5,5,10
"SBCZ",19,5,5,10
"SBCZ",20,4,4,8
"SBCZ",21,3,4,7
"SBCZ",22,4,4,8
"SBCZ",23,4,4,8
"SBCZ",24,4,4,8
"SBCZ",25,4,4,8
"SBCZ",26,4,4,8
"SBCZ",27,4,4,8
"SBCZ",28,4,4,8
"SBCZ",29,4,4,8
"SBCZ",30,4,4,8
"SBCZ",31,4,4,8
"SBCZ",32,4,4,8
"SBCZ",33,4,4,8
"SBCZ",34,4,4,8
"SBCZ",35,4,4,8
"SBCZ",36,4,4,8
"SBCZ",37,4,4,8
"SBCZ",38,4,4,8
"SBCZ",39,4,4,8
"SBCZ",40,4,4,8
"SBCZ",41,4,4,8
"SBCZ",42,5,5,10
"SBCZ",43,4,4,8
"SBCZ",44,4,4,8
"SBCZ",45,4,4,8
"SBCZ",46,4,4,8
"SBCZ",47,4,4,8
"SBCZ",48,4,4,8
"SBCZ",49,4,4,8
"SBCZ",50,4,4,8
"SBCZ",51,4,4,8
"SBCZ",52,4,4,8
"SBNF",1,132,131,263
"SBNF",2,134,134,268
"SBNF",3,131,133,264
"SBNF",4,115,116,231
"SBNF",5,104,102,206
"SBNF",6,107,106,213
"SBNF",7,96,98,194
"SBNF",8,101,99,200
"SBNF",9,97,99,196
"SBNF",10,96,96,192
"SBNF",11,75,76,151
"SBNF",12,64,64,128
"SBNF",13,63,63,126
"SBNF",14,46,46,92
"SBNF",15,48,48,96
"SBNF",16,45,45,90
"SBNF",17,44,44,88
"SBNF",18,51,51,102
"SBNF",19,64,63,127
"SBNF",20,70,70,140
"SBNF",21,69,69,138
"SBNF",22,70,72,142
"SBNF",23,75,73,148
"SBNF",24,79,79,158
"SBNF",25,86,86,172
"SBNF",26,79,80,159
"SBNF",27,105,107,212
"SBNF",28,111,113,224
"SBNF",29,115,115,230
"SBNF",30,113,113,226
"SBNF",31,120,118,238
"SBNF",32,124,124,248
"SBNF",33,112,116,228
"SBNF",34,115,112,227
"SBNF",35,125,124,249
"SBNF",36,100,103,203
"SBNF",37,136,133,269
"SBNF",38,135,135,270
"SBNF",39,135,134,269
"SBNF",40,143,144,287
"SBNF",41,116,115,231
"SBNF",42,138,138,276
"SBNF",43,142,142,284
"SBNF",44,131,130,261
"SBNF",45,146,146,292
"SBNF",46,141,141,282
"SBNF",47,151,151,302
"SBNF",48,149,149,298
"SBNF",49,151,151,302
"SBNF",50,156,156,312
"SBNF",51,175,176,351
"SBNF",52,182,182,364
"SBNF",53,24,24,48
"SBFI",1,101,98,199
"SBFI",2,100,100,200
"SBFI",3,96,97,193
"SBFI",4,88,88,176
"SBFI",5,70,71,141
"SBFI",6,59,59,118
"SBFI",7,53,53,106
"SBFI",8,57,57,114
"SBFI",9,54,55,109
"SBFI",10,55,54,109
"SBFI",11,52,52,104
"SBFI",12,45,45,90
"SBFI",13,44,44,88
"SBFI",14,33,33,66
"SBFI",15,38,38,76
"SBFI",16,37,37,74
"SBFI",17,38,38,76
"SBFI",18,38,39,77
"SBFI",19,42,41,83
"SBFI",20,47,47,94
"SBFI",21,45,45,90
"SBFI",22,47,47,94
"SBFI",23,53,53,106
"SBFI",24,57,57,114
"SBFI",25,65,65,130
"SBFI",26,61,61,122
"SBFI",27,68,67,135
"SBFI",28,73,74,147
"SBFI",29,75,75,150
"SBFI",30,73,73,146
"SBFI",31,74,73,147
"SBFI",32,78,79,157
"SBFI",33,77,77,154
"SBFI",34,72,72,144
"SBFI",35,77,77,154
"SBFI",36,73,73,146
"SBFI",37,83,84,167
"SBFI",38,83,83,166
"SBFI",39,83,83,166
"SBFI",40,83,84,167
"SBFI",41,73,73,146
"SBFI",42,83,83,166
"SBFI",43,85,85,170
"SBFI",44,80,80,160
"SBFI",45,92,92,184
"SBFI",46,87,87,174
"SBFI",47,92,93,185
"SBFI",48,90,89,179
"SBFI",49,88,88,176
"SBFI",50,94,92,186
"SBFI",51,113,114,227
"SBFI",52,117,115,232
"SBFI",53,14,17,31
"SBMA",1,24,25,49
"SBMA",2,24,24,48
"SBMA",3,23,23,46
"SBMA",4,21,21,42
"SBMA",5,17,17,34
"SBMA",6,15,15,30
"SBMA",7,17,17,34
"SBMA",8,16,16,32
"SBMA",9,14,14,28
"SBMA",10,15,15,30
"SBMA",11,15,15,30
"SBMA",12,16,16,32
"SBMA",13,15,15,30
"SBMA",14,11,11,22
"SBMA",15,13,13,26
"SBMA",16,13,13,26
"SBMA",17,11,11,22
"SBMA",18,14,14,28
"SBMA",19,13,13,26
"SBMA",20,14,14,28
"SBMA",21,13,13,26
"SBMA",22,15,15,30
"SBMA",23,18,17,35
"SBMA",24,21,21,42
"SBMA",25,20,20,40
"SBMA",26,20,20,40
"SBMA",27,18,18,36
"SBMA",28,19,19,38
"SBMA",29,20,20,40
"SBMA",30,21,21,42
"SBMA",31,22,22,44
"SBMA",32,22,22,44
"SBMA",33,22,22,44
"SBMA",34,20,20,40
"SBMA",35,22,22,44
"SBMA",36,22,22,44
"SBMA",37,24,24,48
"SBMA",38,23,23,46
"SBMA",39,22,23,45
"SBMA",40,23,23,46
"SBMA",41,19,19,38
"SBMA",42,20,20,40
"SBMA",43,25,25,50
"SBMA",44,24,24,48
"SBMA",45,28,28,56
"SBMA",46,28,27,55
"SBMA",47,29,29,58
"SBMA",48,29,29,58
"SBMA",49,32,32,64
"SBMA",50,34,34,68
"SBMA",51,32,33,65
"SBMA",52,29,29,58
"SBMA",53,5,5,10
"SBUG",5,1,1,2
"SBUG",6,3,3,6
"SBUG",7,2,2,4
"SBUG",8,3,3,6
"SBUG",9,3,3,6
"SBUG",10,5,5,10
"SBUG",11,4,4,8
"SBUG",12,4,4,8
"SBUG",13,4,4,8
"SBUG",14,5,5,10
"SBUG",15,5,5,10
"SBUG",16,4,4,8
"SBUG",17,5,5,10
"SBUG",18,4,4,8
"SBUG",19,3,3,6
"SBUG",20,2,2,4
"SBUG",21,3,3,6
"SBUG",22,2,2,4
"SBUG",23,2,2,4
"SBUG",24,3,3,6
"SBUG",25,3,3,6
"SBUG",26,3,3,6
"SBUG",27,3,3,6
"SBUG",28,3,3,6
"SBUG",29,3,3,6
"SBUG",30,3,3,6
"SBUG",31,5,5,10
"SBUG",32,5,5,10
"SBUG",33,5,5,10
"SBUG",34,4,4,8
"SBUG",35,4,4,8
"SBUG",36,3,3,6
"SBUG",37,5,5,10
"SBUG",38,5,5,10
"SBUG",39,5,5,10
"SBUG",40,5,5,10
"SBUG",41,5,5,10
"SBUG",42,5,5,10
"SBUG",43,5,5,10
"SBUG",44,4,4,8
"SBUG",45,6,6,12
"SBUG",46,6,6,12
"SBUG",47,4,4,8
"SBUG",48,6,6,12
"SBUG",49,4,4,8
"SBUG",50,5,5,10
"SBUG",51,3,3,6
"SBUG",52,4,4,8
"SBJI",26,1,1,2
"SBJI",27,3,3,6
"SBJI",28,3,3,6
"SBJI",29,4,4,8
"SBJI",30,5,5,10
"SBJI",31,7,7,14
"SBJI",32,5,5,10
"SBJI",33,6,6,12
"SBJI",34,6,6,12
"SBJI",35,6,6,12
"SBJI",36,5,5,10
"SBJI",37,7,7,14
"SBJI",38,7,7,14
"SBJI",39,7,7,14
"SBJI",40,7,7,14
"SBJI",41,5,5,10
"SBJI",42,7,7,14
"SBJI",43,7,7,14
"SBJI",44,5,5,10
"SBJI",45,7,7,14
"SBJI",46,6,6,12
"SBJI",47,7,7,14
"SBJI",48,8,8,16
"SBJI",49,10,10,20
"SBJI",50,9,9,18
"SBJI",51,8,8,16
"SBJI",52,5,5,10
"SBTF",1,9,9,18
"SBTF",2,8,8,16
"SBTF",3,8,8,16
"SBTF",4,9,9,18
"SBTF",5,11,11,22
"SBTF",6,9,9,18
"SBTF",7,6,6,12
"SBTF",8,10,10,20
"SBTF",9,8,8,16
"SBTF",10,7,7,14
"SBTF",11,9,9,18
"SBTF",12,8,8,16
"SBTF",13,9,9,18
"SBTF",14,10,10,20
"SBTF",15,9,9,18
"SBTF",16,9,9,18
"SBTF",17,9,9,18
"SBTF",18,9,9,18
"SBTF",19,10,10,20
"SBTF",20,10,10,20
"SBTF",21,8,8,16
"SBTF",22,10,10,20
"SBTF",23,9,9,18
"SBTF",24,10,10,20
"SBTF",25,8,8,16
"SBTF",26,8,8,16
"SBTF",27,10,10,20
"SBTF",28,9,9,18
"SBTF",29,9,9,18
"SBTF",30,9,9,18
"SBTF",31,9,9,18
"SBTF",32,10,10,20
"SBTF",33,11,11,22
"SBTF",34,10,10,20
"SBTF",35,11,11,22
"SBTF",36,11,11,22
"SBTF",37,10,10,20
"SBTF",38,10,10,20
"SBTF",39,10,10,20
"SBTF",40,10,10,20
"SBTF",41,9,9,18
"SBTF",42,10,10,20
"SBTF",43,8,8,16
"SBTF",44,9,9,18
"SBTF",45,10,10,20
"SBTF",46,7,7,14
"SBTF",47,8,8,16
"SBTF",48,8,8,16
"SBTF",49,11,11,22
"SBTF",50,10,10,20
"SBTF",51,6,6,12
"SBTF",52,12,12,24
"SBTF",53,1,1,2
"SBRJ",1,638,639,1277
"SBRJ",2,663,663,1326
"SBRJ",3,638,641,1279
"SBRJ",4,614,611,1225
"SBRJ",5,579,581,1160
"SBRJ",6,572,573,1145
"SBRJ",7,480,481,961
"SBRJ",8,536,535,1071
"SBRJ",9,562,561,1123
"SBRJ",10,497,495,992
"SBRJ",11,395,394,789
"SBRJ",12,339,341,680
"SBRJ",13,322,328,650
"SBRJ",14,293,290,583
"SBRJ",15,311,309,620
"SBRJ",16,309,310,619
"SBRJ",17,313,311,624
"SBRJ",18,338,342,680
"SBRJ",19,384,381,765
"SBRJ",20,420,420,840
"SBRJ",21,421,420,841
"SBRJ",22,436,438,874
"SBRJ",23,453,449,902
"SBRJ",24,505,505,1010
"SBRJ",25,490,492,982
"SBRJ",26,488,486,974
"SBRJ",27,551,552,1103
"SBRJ",28,583,582,1165
"SBRJ",29,611,611,1222
"SBRJ",30,613,614,1227
"SBRJ",31,603,604,1207
"SBRJ",32,606,605,1211
"SBRJ",33,616,616,1232
"SBRJ",34,593,593,1186
"SBRJ",35,643,641,1284
"SBRJ",36,617,621,1238
"SBRJ",37,647,646,1293
"SBRJ",38,691,684,1375
"SBRJ",39,689,690,1379
"SBRJ",40,646,646,1292
"SBRJ",41,613,611,1224
"SBRJ",42,676,677,1353
"SBRJ",43,700,700,1400
"SBRJ",44,649,647,1296
"SBRJ",45,765,764,1529
"SBRJ",46,717,718,1435
"SBRJ",47,766,765,1531
"SBRJ",48,776,775,1551
"SBRJ",49,812,812,1624
"SBRJ",50,815,815,1630
"SBRJ",51,789,792,1581
"SBRJ",52,693,693,1386
"SBRJ",53,94,87,181
"SBLO",1,53,53,106
"SBLO",2,50,49,99
"SBLO",3,52,53,105
"SBLO",4,46,46,92
"SBLO",5,46,45,91
"SBLO",6,52,53,105
"SBLO",7,43,43,86
"SBLO",8,50,50,100
"SBLO",9,50,52,102
"SBLO",10,41,40,81
"SBLO",11,32,32,64
"SBLO",12,29,29,58
"SBLO",13,26,26,52
"SBLO",14,20,20,40
"SBLO",15,21,21,42
"SBLO",16,19,19,38
"SBLO",17,21,21,42
"SBLO",18,20,20,40
"SBLO",19,24,24,48
"SBLO",20,28,28,56
"SBLO",21,28,28,56
"SBLO",22,26,26,52
"SBLO",23,35,35,70
"SBLO",24,39,39,78
"SBLO",25,40,40,80
"SBLO",26,38,38,76
"SBLO",27,42,42,84
"SBLO",28,42,42,84
"SBLO",29,42,42,84
"SBLO",30,44,44,88
"SBLO",31,48,47,95
"SBLO",32,52,52,104
"SBLO",33,53,54,107
"SBLO",34,53,53,106
"SBLO",35,52,51,103
"SBLO",36,50,49,99
"SBLO",37,59,59,118
"SBLO",38,58,58,116
"SBLO",39,60,60,120
"SBLO",40,62,62,124
"SBLO",41,56,56,112
"SBLO",42,65,65,130
"SBLO",43,66,64,130
"SBLO",44,64,64,128
"SBLO",45,81,82,163
"SBLO",46,78,79,157
"SBLO",47,85,83,168
"SBLO",48,81,83,164
"SBLO",49,93,91,184
"SBLO",50,91,93,184
"SBLO",51,92,93,185
"SBLO",52,71,71,142
"SBLO",53,8,11,19
"SBDB",1,2,2,4
"SBDB",2,3,3,6
"SBDB",4,3,3,6
"SBDB",5,1,1,2
"SBDB",6,4,4,8
"SBDB",7,3,3,6
"SBDB",8,4,4,8
"SBDB",9,4,4,8
"SBDB",10,3,3,6
"SBDB",11,3,3,6
"SBDB",12,3,3,6
"SBDB",13,3,3,6
"SBDB",14,2,2,4
"SBDB",15,3,3,6
"SBDB",16,2,2,4
"SBDB",17,2,2,4
"SBDB",18,3,3,6
"SBDB",19,1,1,2
"SBDB",20,2,2,4
"SBDB",21,2,2,4
"SBDB",23,3,3,6
"SBDB",24,2,2,4
"SBDB",25,3,3,6
"SBDB",26,2,2,4
"SBDB",27,4,4,8
"SBDB",28,4,4,8
"SBDB",29,3,3,6
"SBDB",30,4,4,8
"SBDB",31,5,5,10
"SBDB",32,4,4,8
"SBDB",33,5,5,10
"SBDB",34,5,5,10
"SBDB",35,4,4,8
"SBDB",36,5,5,10
"SBDB",37,5,5,10
"SBDB",38,5,5,10
"SBDB",39,3,3,6
"SBDB",40,4,4,8
"SBDB",41,4,4,8
"SBDB",42,5,5,10
"SBDB",43,5,5,10
"SBDB",44,5,5,10
"SBDB",45,5,5,10
"SBDB",46,5,5,10
"SBDB",47,4,4,8
"SBDB",48,5,5,10
"SBDB",49,6,6,12
"SBDB",50,6,6,12
"SBDB",51,7,7,14
"SBDB",52,5,5,10
"SBJP",1,143,138,281
"SBJP",2,136,135,271
"SBJP",3,125,127,252
"SBJP",4,120,120,240
"SBJP",5,104,108,212
"SBJP",6,95,93,188
"SBJP",7,79,81,160
"SBJP",8,82,81,163
"SBJP",9,85,86,171
"SBJP",10,83,83,166
"SBJP",11,66,66,132
"SBJP",12,58,59,117
"SBJP",13,53,52,105
"SBJP",14,44,45,89
"SBJP",15,49,50,99
"SBJP",16,44,45,89
"SBJP",17,48,48,96
"SBJP",18,48,47,95
"SBJP",19,53,54,107
"SBJP",20,57,57,114
"SBJP",21,60,59,119
"SBJP",22,59,60,119
"SBJP",23,66,63,129
"SBJP",24,72,73,145
"SBJP",25,84,84,168
"SBJP",26,87,87,174
"SBJP",27,97,96,193
"SBJP",28,99,98,197
"SBJP",29,97,99,196
"SBJP",30,102,101,203
"SBJP",31,87,87,174
"SBJP",32,85,85,170
"SBJP",33,88,88,176
"SBJP",34,80,80,160
"SBJP",35,84,84,168
"SBJP",36,70,72,142
"SBJP",37,81,79,160
"SBJP",38,82,82,164
"SBJP",39,82,82,164
"SBJP",40,89,89,178
"SBJP",41,74,74,148
"SBJP",42,84,85,169
"SBJP",43,86,86,172
"SBJP",44,85,86,171
"SBJP",45,96,94,190
"SBJP",46,87,87,174
"SBJP",47,96,96,192
"SBJP",48,95,95,190
"SBJP",49,97,97,194
"SBJP",50,107,107,214
"SBJP",51,109,108,217
"SBJP",52,108,108,216
"SBJP",53,11,13,24
"SBVH",23,3,3,6
"SBVH",24,4,4,8
"SBVH",25,4,4,8
"SBVH",26,4,4,8
"SBVH",27,5,5,10
"SBVH",28,6,6,12
"SBVH",29,6,6,12
"SBVH",30,6,6,12
"SBVH",31,5,5,10
"SBVH",32,5,5,10
"SBVH",33,7,7,14
"SBVH",34,6,6,12
"SBVH",35,6,6,12
"SBVH",36,5,5,10
"SBVH",37,7,7,14
"SBVH",38,7,7,14
"SBVH",39,7,7,14
"SBVH",40,7,7,14
"SBVH",41,5,5,10
"SBVH",42,7,7,14
"SBVH",43,6,6,12
"SBVH",44,5,5,10
"SBVH",45,7,7,14
"SBVH",46,6,6,12
"SBVH",47,7,7,14
"SBVH",48,7,7,14
"SBVH",49,9,9,18
"SBVH",50,10,11,21
"SBVH",51,10,10,20
"SBVH",52,7,7,14
"SBCJ",1,12,12,24
"SBCJ",2,16,16,32
"SBCJ",3,18,18,36
"SBCJ",4,17,17,34
"SBCJ",5,18,18,36
"SBCJ",6,20,20,40
"SBCJ",7,15,15,30
"SBCJ",8,20,20,40
"SBCJ",9,21,21,42
"SBCJ",10,20,20,40
"SBCJ",11,14,14,28
"SBCJ",12,15,15,30
"SBCJ",13,13,13,26
"SBCJ",14,7,7,14
"SBCJ",15,10,10,20
"SBCJ",16,10,10,20
"SBCJ",17,10,10,20
"SBCJ",18,11,11,22
"SBCJ",19,11,11,22
"SBCJ",20,10,10,20
"SBCJ",21,8,8,16
"SBCJ",22,8,8,16
"SBCJ",23,10,10,20
"SBCJ",24,13,13,26
"SBCJ",25,12,12,24
"SBCJ",26,12,12,24
"SBCJ",27,13,13,26
"SBCJ",28,14,14,28
"SBCJ",29,13,13,26
"SBCJ",30,13,13,26
"SBCJ",31,15,15,30
"SBCJ",32,14,14,28
"SBCJ",33,14,14,28
"SBCJ",34,14,14,28
"SBCJ",35,15,15,30
"SBCJ",36,9,9,18
"SBCJ",37,17,17,34
"SBCJ",38,16,16,32
"SBCJ",39,16,15,31
"SBCJ",40,16,16,32
"SBCJ",41,10,10,20
"SBCJ",42,15,15,30
"SBCJ",43,13,13,26
"SBCJ",44,12,12,24
"SBCJ",45,17,17,34
"SBCJ",46,16,16,32
"SBCJ",47,18,18,36
"SBCJ",48,19,19,38
"SBCJ",49,19,19,38
"SBCJ",50,19,19,38
"SBCJ",51,19,19,38
"SBCJ",52,9,9,18
"SBCJ",53,1,1,2
"SBPO",39,2,2,4
"SBPO",40,4,3,7
"SBPO",41,3,3,6
"SBPO",42,1,2,3
"SBPO",43,1,1,2
"SBPO",44,2,2,4
"SBPO",45,3,3,6
"SBPO",48,3,3,6
"SBPO",49,2,2,4
"SBPO",50,1,1,2
"SBPO",51,1,1,2
"SBPO",52,1,1,2
"SBEG",1,222,215,437
"SBEG",2,241,240,481
"SBEG",3,240,241,481
"SBEG",4,231,233,464
"SBEG",5,219,221,440
"SBEG",6,212,213,425
"SBEG",7,175,173,348
"SBEG",8,199,199,398
"SBEG",9,201,203,404
"SBEG",10,203,202,405
"SBEG",11,189,187,376
"SBEG",12,175,174,349
"SBEG",13,176,176,352
"SBEG",14,148,151,299
"SBEG",15,149,149,298
"SBEG",16,154,151,305
"SBEG",17,153,153,306
"SBEG",18,166,172,338
"SBEG",19,175,173,348
"SBEG",20,178,177,355
"SBEG",21,190,188,378
"SBEG",22,192,195,387
"SBEG",23,183,183,366
"SBEG",24,206,207,413
"SBEG",25,218,216,434
"SBEG",26,222,220,442
"SBEG",27,249,252,501
"SBEG",28,248,250,498
"SBEG",29,249,250,499
"SBEG",30,255,253,508
"SBEG",31,251,251,502
"SBEG",32,250,252,502
"SBEG",33,250,248,498
"SBEG",34,237,235,472
"SBEG",35,258,254,512
"SBEG",36,242,246,488
"SBEG",37,270,267,537
"SBEG",38,267,268,535
"SBEG",39,269,269,538
"SBEG",40,268,268,536
"SBEG",41,243,243,486
"SBEG",42,274,275,549
"SBEG",43,275,273,548
"SBEG",44,266,271,537
"SBEG",45,298,300,598
"SBEG",46,267,267,534
"SBEG",47,294,294,588
"SBEG",48,291,288,579
"SBEG",49,310,311,621
"SBEG",50,323,327,650
"SBEG",51,329,331,660
"SBEG",52,285,281,566
"SBEG",53,36,36,72
"SBBG",40,5,4,9
"SBBG",41,2,2,4
"SBBG",42,6,6,12
"SBBG",43,6,6,12
"SBBG",44,3,3,6
"SBBG",45,6,6,12
"SBBG",46,4,4,8
"SBBG",47,5,6,11
"SBBG",48,6,5,11
"SBBG",49,6,6,12
"SBBG",50,5,5,10
"SBBG",51,6,6,12
"SBBG",52,4,4,8
"SBBG",53,0,1,1
"SBIZ",1,24,24,48
"SBIZ",2,25,25,50
"SBIZ",3,25,25,50
"SBIZ",4,25,25,50
"SBIZ",5,23,24,47
"SBIZ",6,23,24,47
"SBIZ",7,21,21,42
"SBIZ",8,24,24,48
"SBIZ",9,23,24,47
"SBIZ",10,22,22,44
"SBIZ",11,18,18,36
"SBIZ",12,16,16,32
"SBIZ",13,16,16,32
"SBIZ",14,14,14,28
"SBIZ",15,12,12,24
"SBIZ",16,8,8,16
"SBIZ",17,9,9,18
"SBIZ",18,10,11,21
"SBIZ",19,11,11,22
"SBIZ",20,13,13,26
"SBIZ",21,13,13,26
"SBIZ",22,13,13,26
"SBIZ",23,13,13,26
"SBIZ",24,15,15,30
"SBIZ",25,15,15,30
"SBIZ",26,15,14,29
"SBIZ",27,19,19,38
"SBIZ",28,19,19,38
"SBIZ",29,19,19,38
"SBIZ",30,19,19,38
"SBIZ",31,19,23,42
"SBIZ",32,20,26,46
"SBIZ",33,21,27,48
"SBIZ",34,20,26,46
"SBIZ",35,21,27,48
"SBIZ",36,22,26,48
"SBIZ",37,24,29,53
"SBIZ",38,24,30,54
"SBIZ",39,24,30,54
"SBIZ",40,25,31,56
"SBIZ",41,22,27,49
"SBIZ",42,27,32,59
"SBIZ",43,27,33,60
"SBIZ",44,30,31,61
"SBIZ",45,32,33,65
"SBIZ",46,32,31,63
"SBIZ",47,34,35,69
"SBIZ",48,33,32,65
"SBIZ",49,33,33,66
"SBIZ",50,32,33,65
"SBIZ",51,33,32,65
"SBIZ",52,29,29,58
"SBIZ",53,3,5,8
"SBMY",25,1,1,2
"SBPA",1,395,398,793
"SBPA",2,412,411,823
"SBPA",3,403,401,804
"SBPA",4,387,391,778
"SBPA",5,351,347,698
"SBPA",6,351,346,697
"SBPA",7,316,316,632
"SBPA",8,338,336,674
"SBPA",9,321,324,645
"SBPA",10,304,306,610
"SBPA",11,213,214,427
"SBPA",12,190,189,379
"SBPA",13,187,188,375
"SBPA",14,154,159,313
"SBPA",15,168,166,334
"SBPA",16,165,165,330
"SBPA",17,169,169,338
"SBPA",18,196,195,391
"SBPA",19,207,207,414
"SBPA",20,230,231,461
"SBPA",21,240,239,479
"SBPA",22,253,249,502
"SBPA",23,278,278,556
"SBPA",24,316,314,630
"SBPA",25,324,326,650
"SBPA",26,323,323,646
"SBPA",27,378,379,757
"SBPA",28,393,395,788
"SBPA",29,406,405,811
"SBPA",30,406,404,810
"SBPA",31,413,413,826
"SBPA",32,428,426,854
"SBPA",33,433,433,866
"SBPA",34,414,414,828
"SBPA",35,421,418,839
"SBPA",36,356,356,712
"SBPA",37,445,444,889
"SBPA",38,450,450,900
"SBPA",39,452,455,907
"SBPA",40,473,475,948
"SBPA",41,394,395,789
"SBPA",42,485,485,970
"SBPA",43,488,490,978
"SBPA",44,474,472,946
"SBPA",45,559,559,1118
"SBPA",46,532,531,1063
"SBPA",47,583,582,1165
"SBPA",48,582,585,1167
"SBPA",49,581,580,1161
"SBPA",50,586,585,1171
"SBPA",51,571,569,1140
"SBPA",52,510,509,1019
"SBPA",53,63,60,123
"SBTG",5,2,2,4
"SBTG",6,3,3,6
"SBTG",7,2,2,4
"SBTG",8,3,3,6
"SBTG",9,3,3,6
"SBTG",10,4,4,8
"SBTG",11,4,4,8
"SBTG",12,4,4,8
"SBTG",13,5,5,10
"SBTG",14,3,3,6
"SBTG",15,3,3,6
"SBTG",16,2,2,4
"SBTG",17,3,3,6
"SBTG",18,3,3,6
"SBTG",19,3,3,6
"SBTG",20,3,3,6
"SBTG",21,3,3,6
"SBTG",22,3,3,6
"SBTG",23,2,2,4
"SBTG",24,3,3,6
"SBTG",25,3,3,6
"SBTG",26,2,2,4
"SBTG",27,3,3,6
"SBTG",28,3,3,6
"SBTG",29,3,3,6
"SBTG",30,3,3,6
"SBTG",31,3,3,6
"SBTG",32,7,7,14
"SBTG",33,7,7,14
"SBTG",34,7,7,14
"SBTG",35,7,7,14
"SBTG",36,4,4,8
"SBTG",37,6,6,12
"SBTG",38,6,6,12
"SBTG",39,6,6,12
"SBTG",40,6,6,12
"SBTG",41,4,4,8
"SBTG",42,7,7,14
"SBTG",43,7,7,14
"SBTG",44,5,5,10
"SBTG",45,7,7,14
"SBTG",46,6,6,12
"SBTG",47,7,7,14
"SBTG",48,7,7,14
"SBTG",49,7,7,14
"SBTG",50,6,6,12
"SBTG",51,7,7,14
"SBTG",52,3,3,6
"SBAR",1,93,90,183
"SBAR",2,88,88,176
"SBAR",3,85,86,171
"SBAR",4,78,79,157
"SBAR",5,85,84,169
"SBAR",6,81,81,162
"SBAR",7,65,65,130
"SBAR",8,72,72,144
"SBAR",9,74,74,148
"SBAR",10,65,66,131
"SBAR",11,56,56,112
"SBAR",12,45,46,91
"SBAR",13,42,42,84
"SBAR",14,38,38,76
"SBAR",15,39,39,78
"SBAR",16,38,38,76
"SBAR",17,38,38,76
"SBAR",18,44,44,88
"SBAR",19,49,49,98
"SBAR",20,52,52,104
"SBAR",21,52,52,104
"SBAR",22,62,61,123
"SBAR",23,62,61,123
"SBAR",24,62,62,124
"SBAR",25,69,69,138
"SBAR",26,70,70,140
"SBAR",27,70,70,140
"SBAR",28,69,69,138
"SBAR",29,68,69,137
"SBAR",30,70,69,139
"SBAR",31,72,72,144
"SBAR",32,67,67,134
"SBAR",33,68,68,136
"SBAR",34,64,64,128
"SBAR",35,69,68,137
"SBAR",36,65,65,130
"SBAR",37,71,71,142
"SBAR",38,71,71,142
"SBAR",39,71,71,142
"SBAR",40,72,72,144
"SBAR",41,63,63,126
"SBAR",42,72,72,144
"SBAR",43,72,72,144
"SBAR",44,73,73,146
"SBAR",45,77,77,154
"SBAR",46,77,76,153
"SBAR",47,77,77,154
"SBAR",48,80,78,158
"SBAR",49,79,80,159
"SBAR",50,87,88,175
"SBAR",51,98,96,194
"SBAR",52,88,88,176
"SBAR",53,9,13,22
"SBTB",1,3,3,6
"SBTB",2,1,1,2
"SBTB",3,1,1,2
"SBTB",4,1,1,2
"SBTB",5,1,1,2
"SBTB",7,1,1,2
"SBTB",8,1,1,2
"SBTB",9,1,1,2
"SBTB",11,1,1,2
"SBTB",12,1,1,2
"SBTB",14,1,1,2
"SBTB",16,1,1,2
"SBTB",18,1,1,2
"SBTB",20,1,1,2
"SBTB",22,1,1,2
"SBTB",24,1,1,2
"SBTB",26,2,2,4
"SBTB",27,1,1,2
"SBTB",29,1,1,2
"SBTB",31,1,1,2
"SBTB",33,1,1,2
"SBTB",35,2,2,4
"SBTB",36,1,1,2
"SBTB",38,1,1,2
"SBTB",40,1,1,2
"SBTB",42,1,1,2
"SBTB",44,1,1,2
"SBTB",46,3,3,6
"SBTB",47,4,4,8
"SBTB",48,4,3,7
"SBTB",49,6,6,12
"SBTB",50,5,5,10
"SBTB",51,7,7,14
"SBTB",52,3,3,6
"SBCY",1,203,203,406
"SBCY",2,205,204,409
"SBCY",3,195,195,390
"SBCY",4,189,189,378
"SBCY",5,170,173,343
"SBCY",6,158,159,317
"SBCY",7,141,139,280
"SBCY",8,153,154,307
"SBCY",9,150,150,300
"SBCY",10,132,132,264
"SBCY",11,101,102,203
"SBCY",12,88,88,176
"SBCY",13,80,79,159
"SBCY",14,83,82,165
"SBCY",15,82,82,164
"SBCY",16,82,82,164
"SBCY",17,77,78,155
"SBCY",18,84,83,167
"SBCY",19,90,90,180
"SBCY",20,87,89,176
"SBCY",21,91,90,181
"SBCY",22,94,94,188
"SBCY",23,115,115,230
"SBCY",24,137,134,271
"SBCY",25,126,128,254
"SBCY",26,129,128,257
"SBCY",27,146,147,293
"SBCY",28,152,151,303
"SBCY",29,156,156,312
"SBCY",30,158,158,316
"SBCY",31,174,174,348
"SBCY",32,178,177,355
"SBCY",33,182,181,363
"SBCY",34,179,178,357
"SBCY",35,183,179,362
"SBCY",36,155,157,312
"SBCY",37,198,196,394
"SBCY",38,202,198,400
"SBCY",39,202,200,402
"SBCY",40,228,225,453
"SBCY",41,177,179,356
"SBCY",42,228,226,454
"SBCY",43,237,235,472
"SBCY",44,207,203,410
"SBCY",45,254,251,505
"SBCY",46,230,229,459
"SBCY",47,254,248,502
"SBCY",48,249,249,498
"SBCY",49,271,269,540
"SBCY",50,274,269,543
"SBCY",51,302,297,599
"SBCY",52,251,247,498
"SBCY",53,28,33,61
"SBGR",1,1936,1956,3892
"SBGR",2,1991,1991,3982
"SBGR",3,1943,1936,3879
"SBGR",4,1873,1881,3754
"SBGR",5,1728,1719,3447
"SBGR",6,1655,1656,3311
"SBGR",7,1558,1559,3117
"SBGR",8,1580,1584,3164
"SBGR",9,1600,1598,3198
"SBGR",10,1495,1500,2995
"SBGR",11,1279,1276,2555
"SBGR",12,1095,1086,2181
"SBGR",13,1036,1049,2085
"SBGR",14,1024,1013,2037
"SBGR",15,1090,1094,2184
"SBGR",16,1074,1074,2148
"SBGR",17,1094,1090,2184
"SBGR",18,1178,1194,2372
"SBGR",19,1262,1263,2525
"SBGR",20,1303,1299,2602
"SBGR",21,1374,1368,2742
"SBGR",22,1414,1415,2829
"SBGR",23,1446,1446,2892
"SBGR",24,1501,1494,2995
"SBGR",25,1551,1552,3103
"SBGR",26,1562,1574,3136
"SBGR",27,1820,1825,3645
"SBGR",28,1841,1832,3673
"SBGR",29,1906,1902,3808
"SBGR",30,1904,1915,3819
"SBGR",31,1856,1853,3709
"SBGR",32,1836,1830,3666
"SBGR",33,1843,1848,3691
"SBGR",34,1692,1690,3382
"SBGR",35,1819,1832,3651
"SBGR",36,1804,1796,3600
"SBGR",37,1928,1935,3863
"SBGR",38,1933,1938,3871
"SBGR",39,1932,1927,3859
"SBGR",40,1964,1961,3925
"SBGR",41,1873,1871,3744
"SBGR",42,2000,2000,4000
"SBGR",43,2003,1999,4002
"SBGR",44,2050,2050,4100
"SBGR",45,2231,2216,4447
"SBGR",46,2169,2183,4352
"SBGR",47,2207,2212,4419
"SBGR",48,2257,2241,4498
"SBGR",49,2349,2351,4700
"SBGR",50,2367,2369,4736
"SBGR",51,2323,2333,4656
"SBGR",52,2257,2257,4514
"SBGR",53,308,302,610
"SBBH",1,3,2,5
"SBBH",2,3,4,7
"SBBH",3,0,2,2
"SBBH",4,4,2,6
"SBBH",5,4,2,6
"SBBH",6,2,4,6
"SBBH",7,3,1,4
"SBBH",8,2,3,5
"SBBH",9,3,1,4
"SBBH",10,0,4,4
"SBBH",11,2,2,4
"SBBH",12,1,0,1
"SBBH",13,3,1,4
"SBBH",14,1,2,3
"SBBH",15,1,3,4
"SBBH",16,1,0,1
"SBBH",17,1,1,2
"SBBH",18,3,2,5
"SBBH",19,1,3,4
"SBBH",20,1,0,1
"SBBH",21,2,2,4
"SBBH",22,4,2,6
"SBBH",23,2,4,6
"SBBH",24,1,1,2
"SBBH",25,1,2,3
"SBBH",26,2,3,5
"SBBH",28,2,0,2
"SBBH",29,2,3,5
"SBBH",30,1,2,3
"SBBH",31,0,3,3
"SBBH",32,0,1,1
"SBBH",33,1,1,2
"SBBH",34,3,2,5
"SBBH",35,4,4,8
"SBBH",36,2,1,3
"SBBH",37,2,3,5
"SBBH",38,2,3,5
"SBBH",39,3,1,4
"SBBH",40,1,3,4
"SBBH",41,1,2,3
"SBBH",42,3,1,4
"SBBH",43,4,3,7
"SBBH",44,7,6,13
"SBBH",45,4,7,11
"SBBH",46,4,4,8
"SBBH",47,3,4,7
"SBBH",48,3,2,5
"SBBH",49,1,2,3
"SBBH",50,1,3,4
"SBBH",51,1,1,2
"SBBH",52,4,4,8
"SBFZ",1,331,324,655
"SBFZ",2,322,326,648
"SBFZ",3,301,301,602
"SBFZ",4,291,291,582
"SBFZ",5,265,266,531
"SBFZ",6,253,254,507
"SBFZ",7,219,218,437
"SBFZ",8,232,232,464
"SBFZ",9,238,239,477
"SBFZ",10,214,213,427
"SBFZ",11,172,173,345
"SBFZ",12,148,153,301
"SBFZ",13,127,125,252
"SBFZ",14,109,111,220
"SBFZ",15,119,118,237
"SBFZ",16,121,123,244
"SBFZ",17,119,118,237
"SBFZ",18,140,138,278
"SBFZ",19,165,164,329
"SBFZ",20,180,179,359
"SBFZ",21,191,193,384
"SBFZ",22,196,196,392
"SBFZ",23,199,199,398
"SBFZ",24,211,213,424
"SBFZ",25,216,215,431
"SBFZ",26,220,218,438
"SBFZ",27,300,301,601
"SBFZ",28,319,315,634
"SBFZ",29,323,325,648
"SBFZ",30,328,327,655
"SBFZ",31,305,307,612
"SBFZ",32,304,304,608
"SBFZ",33,304,305,609
"SBFZ",34,267,261,528
"SBFZ",35,294,300,594
"SBFZ",36,275,275,550
"SBFZ",37,297,297,594
"SBFZ",38,294,294,588
"SBFZ",39,296,295,591
"SBFZ",40,301,301,602
"SBFZ",41,273,273,546
"SBFZ",42,306,307,613
"SBFZ",43,303,303,606
"SBFZ",44,343,340,683
"SBFZ",45,377,379,756
"SBFZ",46,360,356,716
"SBFZ",47,378,379,757
"SBFZ",48,375,378,753
"SBFZ",49,404,404,808
"SBFZ",50,431,430,861
"SBFZ",51,449,449,898
"SBFZ",52,433,431,864
"SBFZ",53,56,59,115
"SBMO",1,203,197,400
"SBMO",2,198,197,395
"SBMO",3,189,191,380
"SBMO",4,178,179,357
"SBMO",5,150,151,301
"SBMO",6,136,134,270
"SBMO",7,112,114,226
"SBMO",8,124,125,249
"SBMO",9,142,138,280
"SBMO",10,148,150,298
"SBMO",11,126,127,253
"SBMO",12,102,104,206
"SBMO",13,90,90,180
"SBMO",14,74,74,148
"SBMO",15,83,83,166
"SBMO",16,75,74,149
"SBMO",17,78,80,158
"SBMO",18,84,80,164
"SBMO",19,91,93,184
"SBMO",20,95,94,189
"SBMO",21,105,106,211
"SBMO",22,104,104,208
"SBMO",23,101,101,202
"SBMO",24,112,112,224
"SBMO",25,123,122,245
"SBMO",26,134,133,267
"SBMO",27,164,164,328
"SBMO",28,157,159,316
"SBMO",29,171,169,340
"SBMO",30,171,171,342
"SBMO",31,150,152,302
"SBMO",32,142,142,284
"SBMO",33,142,142,284
"SBMO",34,129,129,258
"SBMO",35,146,144,290
"SBMO",36,158,161,319
"SBMO",37,154,154,308
"SBMO",38,153,153,306
"SBMO",39,155,155,310
"SBMO",40,162,159,321
"SBMO",41,157,157,314
"SBMO",42,162,162,324
"SBMO",43,161,162,323
"SBMO",44,161,163,324
"SBMO",45,174,175,349
"SBMO",46,172,172,344
"SBMO",47,174,174,348
"SBMO",48,173,175,348
"SBMO",49,180,180,360
"SBMO",50,192,192,384
"SBMO",51,225,223,448
"SBMO",52,234,235,469
"SBMO",53,28,27,55
"SBFL",1,233,228,461
"SBFL",2,237,238,475
"SBFL",3,226,226,452
"SBFL",4,209,207,416
"SBFL",5,175,179,354
"SBFL",6,171,171,342
"SBFL",7,162,163,325
"SBFL",8,161,163,324
"SBFL",9,164,160,324
"SBFL",10,149,152,301
"SBFL",11,118,121,239
"SBFL",12,96,95,191
"SBFL",13,90,86,176
"SBFL",14,81,84,165
"SBFL",15,84,84,168
"SBFL",16,85,85,170
"SBFL",17,83,81,164
"SBFL",18,95,97,192
"SBFL",19,108,108,216
"SBFL",20,121,121,242
"SBFL",21,120,120,240
"SBFL",22,126,125,251
"SBFL",23,131,130,261
"SBFL",24,139,140,279
"SBFL",25,131,131,262
"SBFL",26,128,124,252
"SBFL",27,167,165,332
"SBFL",28,168,168,336
"SBFL",29,174,174,348
"SBFL",30,172,173,345
"SBFL",31,169,169,338
"SBFL",32,174,172,346
"SBFL",33,184,187,371
"SBFL",34,165,161,326
"SBFL",35,183,184,367
"SBFL",36,183,183,366
"SBFL",37,203,203,406
"SBFL",38,206,208,414
"SBFL",39,214,214,428
"SBFL",40,219,220,439
"SBFL",41,191,192,383
"SBFL",42,230,226,456
"SBFL",43,225,227,452
"SBFL",44,212,211,423
"SBFL",45,234,232,466
"SBFL",46,216,214,430
"SBFL",47,236,238,474
"SBFL",48,240,237,477
"SBFL",49,265,264,529
"SBFL",50,276,279,555
"SBFL",51,292,289,581
"SBFL",52,310,310,620
"SBFL",53,41,40,81
"SBMD",40,6,6,12
"SBMD",41,4,4,8
"SBMD",42,6,6,12
"SBMD",43,6,6,12
"SBMD",44,6,6,12
"SBMD",45,8,7,15
"SBMD",46,5,5,10
"SBMD",47,9,9,18
"SBMD",48,9,7,16
"SBMD",49,8,8,16
"SBMD",50,10,10,20
"SBMD",51,10,10,20
"SBMD",52,7,7,14
"SBME",5,4,4,8
"SBME",6,5,5,10
"SBME",7,2,2,4
"SBME",8,5,5,10
"SBME",9,5,5,10
"SBME",10,4,4,8
"SBME",11,4,4,8
"SBME",19,1,1,2
"SBME",20,3,3,6
"SBME",21,3,3,6
"SBME",22,4,4,8
"SBME",23,1,1,2
"SBME",24,2,2,4
"SBME",25,2,2,4
"SBME",26,2,2,4
"SBME",27,2,2,4
"SBME",28,3,3,6
"SBME",29,3,3,6
"SBME",30,3,3,6
"SBME",31,3,3,6
"SBME",32,10,10,20
"SBME",33,10,10,20
"SBME",34,10,10,20
"SBME",35,9,9,18
"SBME",36,6,6,12
"SBME",37,5,5,10
"SBME",38,5,5,10
"SBME",39,5,5,10
"SBME",40,8,8,16
"SBME",41,4,4,8
"SBME",42,6,6,12
"SBME",43,10,10,20
"SBME",44,5,5,10
"SBME",45,10,10,20
"SBME",46,8,8,16
"SBME",47,10,10,20
"SBME",48,9,9,18
"SBME",49,9,9,18
"SBME",50,9,9,18
"SBME",51,5,5,10
"SBME",52,3,3,6
"SBTD",51,2,2,4
"SBTD",52,2,2,4
"SBJE",1,26,24,50
"SBJE",2,24,25,49
"SBJE",3,23,23,46
"SBJE",4,22,22,44
"SBJE",5,13,14,27
"SBJE",6,7,7,14
"SBJE",7,8,8,16
"SBJE",8,7,7,14
"SBJE",9,7,7,14
"SBJE",10,7,7,14
"SBJE",11,7,7,14
"SBJE",12,6,7,13
"SBJE",13,5,5,10
"SBJE",14,2,2,4
"SBJE",15,2,2,4
"SBJE",16,2,2,4
"SBJE",17,2,2,4
"SBJE",18,5,5,10
"SBJE",19,4,4,8
"SBJE",20,5,5,10
"SBJE",21,5,5,10
"SBJE",22,6,6,12
"SBJE",23,5,5,10
"SBJE",24,5,5,10
"SBJE",25,6,6,12
"SBJE",26,6,6,12
"SBJE",27,12,12,24
"SBJE",28,13,13,26
"SBJE",29,14,14,28
"SBJE",30,14,14,28
"SBJE",31,11,11,22
"SBJE",32,9,9,18
"SBJE",33,9,9,18
"SBJE",34,8,8,16
"SBJE",35,10,10,20
"SBJE",36,9,9,18
"SBJE",37,10,10,20
"SBJE",38,10,10,20
"SBJE",39,10,10,20
"SBJE",40,11,10,21
"SBJE",41,11,12,23
"SBJE",42,10,10,20
"SBJE",43,10,10,20
"SBJE",44,11,11,22
"SBJE",45,10,10,20
"SBJE",46,12,12,24
"SBJE",47,10,10,20
"SBJE",48,12,12,24
"SBJE",49,22,22,44
"SBJE",50,35,34,69
"SBJE",51,57,57,114
"SBJE",52,60,60,120
"SBJE",53,5,6,11
"SBRD",1,4,3,7
"SBRD",2,3,3,6
"SBRD",3,5,5,10
"SBRD",4,3,3,6
"SBRD",5,5,5,10
"SBRD",6,5,6,11
"SBRD",7,3,3,6
"SBRD",8,7,6,13
"SBRD",9,2,3,5
"SBRD",10,4,4,8
"SBRD",11,4,4,8
"SBRD",12,4,4,8
"SBRD",13,3,3,6
"SBRD",14,2,2,4
"SBRD",15,3,3,6
"SBRD",16,3,3,6
"SBRD",17,3,3,6
"SBRD",18,3,3,6
"SBRD",19,2,2,4
"SBRD",20,4,4,8
"SBRD",21,4,4,8
"SBRD",22,4,4,8
"SBRD",23,3,3,6
"SBRD",24,4,4,8
"SBRD",25,4,4,8
"SBRD",26,3,3,6
"SBRD",27,4,4,8
"SBRD",28,4,4,8
"SBRD",29,4,4,8
"SBRD",30,4,4,8
"SBRD",31,6,5,11
"SBRD",32,6,6,12
"SBRD",33,6,6,12
"SBRD",34,6,6,12
"SBRD",35,6,6,12
"SBRD",36,4,3,7
"SBRD",37,4,5,9
"SBRD",38,4,4,8
"SBRD",39,4,4,8
"SBRD",40,5,4,9
"SBRD",41,4,4,8
"SBRD",42,6,6,12
"SBRD",43,6,6,12
"SBRD",44,4,4,8
"SBRD",45,5,6,11
"SBRD",46,5,5,10
"SBRD",47,7,6,13
"SBRD",48,3,5,8
"SBRD",49,7,6,13
"SBRD",50,4,5,9
"SBRD",51,7,6,13
"SBRD",52,7,7,14
"SBRD",53,0,1,1
"SBRP",1,79,78,157
"SBRP",2,89,89,178
"SBRP",3,85,84,169
"SBRP",4,91,92,183
"SBRP",5,80,79,159
"SBRP",6,70,70,140
"SBRP",7,70,70,140
"SBRP",8,67,69,136
"SBRP",9,60,60,120
"SBRP",10,51,51,102
"SBRP",11,44,44,88
"SBRP",12,37,38,75
"SBRP",13,35,35,70
"SBRP",14,35,35,70
"SBRP",15,38,38,76
"SBRP",16,40,40,80
"SBRP",17,39,38,77
"SBRP",18,39,39,78
"SBRP",19,45,45,90
"SBRP",20,51,50,101
"SBRP",21,54,56,110
"SBRP",22,54,54,108
"SBRP",23,52,52,104
"SBRP",24,60,60,120
"SBRP",25,60,60,120
"SBRP",26,60,59,119
"SBRP",27,59,58,117
"SBRP",28,60,62,122
"SBRP",29,61,61,122
"SBRP",30,60,60,120
"SBRP",31,63,61,124
"SBRP",32,73,73,146
"SBRP",33,81,80,161
"SBRP",34,79,80,159
"SBRP",35,83,83,166
"SBRP",36,68,69,137
"SBRP",37,74,74,148
"SBRP",38,78,78,156
"SBRP",39,79,79,158
"SBRP",40,86,86,172
"SBRP",41,78,79,157
"SBRP",42,76,75,151
"SBRP",43,83,83,166
"SBRP",44,72,72,144
"SBRP",45,91,90,181
"SBRP",46,83,83,166
"SBRP",47,89,89,178
"SBRP",48,83,85,168
"SBRP",49,79,78,157
"SBRP",50,84,84,168
"SBRP",51,88,90,178
"SBRP",52,71,71,142
"SBRP",53,7,7,14
"SBKG",1,22,22,44
"SBKG",2,23,23,46
"SBKG",3,23,23,46
"SBKG",4,23,22,45
"SBKG",5,18,18,36
"SBKG",6,18,18,36
"SBKG",7,14,14,28
"SBKG",8,18,18,36
"SBKG",9,18,18,36
"SBKG",10,21,21,42
"SBKG",11,17,17,34
"SBKG",12,18,18,36
"SBKG",13,18,19,37
"SBKG",14,7,7,14
"SBKG",15,7,7,14
"SBKG",16,7,7,14
"SBKG",17,7,7,14
"SBKG",18,6,6,12
"SBKG",19,9,9,18
"SBKG",20,13,12,25
"SBKG",21,13,13,26
"SBKG",22,16,17,33
"SBKG",23,16,15,31
"SBKG",24,18,18,36
"SBKG",25,18,19,37
"SBKG",26,21,20,41
"SBKG",27,22,22,44
"SBKG",28,20,20,40
"SBKG",29,19,19,38
"SBKG",30,20,20,40
"SBKG",31,16,17,33
"SBKG",32,17,17,34
"SBKG",33,15,15,30
"SBKG",34,14,14,28
"SBKG",35,16,16,32
"SBKG",36,14,14,28
"SBKG",37,16,16,32
"SBKG",38,17,17,34
"SBKG",39,17,17,34
"SBKG",40,17,17,34
"SBKG",41,14,14,28
"SBKG",42,16,16,32
"SBKG",43,17,17,34
"SBKG",44,17,16,33
"SBKG",45,23,23,46
"SBKG",46,16,17,33
"SBKG",47,23,22,45
"SBKG",48,23,22,45
"SBKG",49,21,22,43
"SBKG",50,25,24,49
"SBKG",51,24,24,48
"SBKG",52,16,16,32
"SBKG",53,1,3,4
"SBHT",1,7,7,14
"SBHT",2,7,7,14
"SBHT",3,7,7,14
"SBHT",4,7,7,14
"SBHT",5,7,7,14
"SBHT",6,7,6,13
"SBHT",7,5,6,11
"SBHT",8,7,7,14
"SBHT",9,7,7,14
"SBHT",10,6,6,12
"SBHT",11,7,7,14
"SBHT",12,7,7,14
"SBHT",13,7,7,14
"SBHT",14,5,5,10
"SBHT",15,4,4,8
"SBHT",16,4,4,8
"SBHT",17,4,4,8
"SBHT",18,5,5,10
"SBHT",19,5,5,10
"SBHT",20,7,7,14
"SBHT",21,7,7,14
"SBHT",22,7,7,14
"SBHT",23,7,7,14
"SBHT",24,8,8,16
"SBHT",25,8,8,16
"SBHT",26,7,7,14
"SBHT",27,6,6,12
"SBHT",28,6,6,12
"SBHT",29,6,6,12
"SBHT",30,6,6,12
"SBHT",31,6,6,12
"SBHT",32,7,7,14
"SBHT",33,7,7,14
"SBHT",34,7,7,14
"SBHT",35,7,7,14
"SBHT",36,7,7,14
"SBHT",37,7,7,14
"SBHT",38,7,7,14
"SBHT",39,7,7,14
"SBHT",40,7,7,14
"SBHT",41,5,5,10
"SBHT",42,7,7,14
"SBHT",43,7,7,14
"SBHT",44,8,8,16
"SBHT",45,7,7,14
"SBHT",46,7,7,14
"SBHT",47,7,7,14
"SBHT",48,8,8,16
"SBHT",49,8,8,16
"SBHT",50,7,7,14
"SBHT",51,7,7,14
"SBHT",52,5,5,10
"SBMS",9,2,2,4
"SBMS",10,3,3,6
"SBMS",11,3,3,6
"SBMS",12,3,3,6
"SBMS",13,3,3,6
"SBMS",14,2,2,4
"SBMS",15,3,3,6
"SBMS",16,3,3,6
"SBMS",17,3,3,6
"SBMS",18,4,4,8
"SBMS",19,5,5,10
"SBMS",20,6,6,12
"SBMS",21,6,6,12
"SBMS",22,4,4,8
"SBMS",23,2,2,4
"SBMS",24,3,3,6
"SBMS",25,3,3,6
"SBMS",26,4,4,8
"SBMS",27,7,7,14
"SBMS",28,7,7,14
"SBMS",29,7,7,14
"SBMS",30,7,7,14
"SBMS",31,7,7,14
"SBMS",32,7,7,14
"SBMS",33,7,7,14
"SBMS",34,9,9,18
"SBMS",35,10,10,20
"SBMS",36,7,7,14
"SBMS",37,10,10,20
"SBMS",38,10,10,20
"SBMS",39,8,9,17
"SBMS",40,10,10,20
"SBMS",41,7,7,14
"SBMS",42,10,10,20
"SBMS",43,10,10,20
"SBMS",44,7,7,14
"SBMS",45,10,10,20
"SBMS",46,9,9,18
"SBMS",47,10,10,20
"SBMS",48,10,10,20
"SBMS",49,10,10,20
"SBMS",50,10,10,20
"SBMS",51,10,10,20
"SBMS",52,7,7,14
"SBJA",1,7,7,14
"SBJA",2,7,7,14
"SBJA",3,7,7,14
"SBJA",4,7,7,14
"SBJA",5,7,7,14
"SBJA",6,7,7,14
"SBJA",7,7,7,14
"SBJA",8,6,6,12
"SBJA",9,6,6,12
"SBJA",10,5,5,10
"SBJA",11,6,6,12
"SBJA",12,6,6,12
"SBJA",13,6,6,12
"SBJA",14,5,5,10
"SBJA",15,6,6,12
"SBJA",16,5,5,10
"SBJA",17,6,6,12
"SBJA",18,5,5,10
"SBJA",19,6,6,12
"SBJA",20,7,7,14
"SBJA",21,7,7,14
"SBJA",22,7,7,14
"SBJA",23,6,6,12
"SBJA",24,7,7,14
"SBJA",25,7,7,14
"SBJA",26,7,7,14
"SBJA",27,9,9,18
"SBJA",28,9,9,18
"SBJA",29,9,9,18
"SBJA",30,10,10,20
"SBJA",31,10,10,20
"SBJA",32,11,11,22
"SBJA",33,9,9,18
"SBJA",34,11,11,22
"SBJA",35,11,11,22
"SBJA",36,9,8,17
"SBJA",37,11,11,22
"SBJA",38,11,11,22
"SBJA",39,11,11,22
"SBJA",40,11,11,22
"SBJA",41,9,9,18
"SBJA",42,11,11,22
"SBJA",43,11,11,22
"SBJA",44,8,8,16
"SBJA",45,12,12,24
"SBJA",46,10,10,20
"SBJA",47,11,11,22
"SBJA",48,12,12,24
"SBJA",49,12,12,24
"SBJA",50,12,13,25
"SBJA",51,14,14,28
"SBJA",52,12,12,24
"SBJA",53,1,1,2
"SBJD",40,14,13,27
"SBJD",41,8,9,17
"SBJD",42,16,17,33
"SBJD",43,19,18,37
"SBJD",44,17,20,37
"SBJD",45,16,13,29
"SBJD",46,19,20,39
"SBJD",47,12,12,24
"SBJD",48,15,17,32
"SBJD",49,32,31,63
"SBJD",50,28,28,56
"SBJD",51,26,26,52
"SBJD",52,18,18,36
"SBJD",53,3,2,5
"SBSV",1,615,613,1228
"SBSV",2,620,619,1239
"SBSV",3,571,574,1145
"SBSV",4,543,541,1084
"SBSV",5,488,493,981
"SBSV",6,449,450,899
"SBSV",7,390,389,779
"SBSV",8,417,413,830
"SBSV",9,445,447,892
"SBSV",10,408,412,820
"SBSV",11,333,333,666
"SBSV",12,281,286,567
"SBSV",13,262,252,514
"SBSV",14,201,203,404
"SBSV",15,211,209,420
"SBSV",16,210,211,421
"SBSV",17,193,198,391
"SBSV",18,225,220,445
"SBSV",19,245,244,489
"SBSV",20,259,259,518
"SBSV",21,269,271,540
"SBSV",22,311,310,621
"SBSV",23,323,324,647
"SBSV",24,362,363,725
"SBSV",25,376,377,753
"SBSV",26,378,378,756
"SBSV",27,442,440,882
"SBSV",28,448,450,898
"SBSV",29,467,466,933
"SBSV",30,477,479,956
"SBSV",31,447,449,896
"SBSV",32,424,426,850
"SBSV",33,416,417,833
"SBSV",34,370,372,742
"SBSV",35,440,436,876
"SBSV",36,452,455,907
"SBSV",37,482,482,964
"SBSV",38,486,487,973
"SBSV",39,485,484,969
"SBSV",40,504,504,1008
"SBSV",41,452,450,902
"SBSV",42,510,514,1024
"SBSV",43,514,514,1028
"SBSV",44,505,503,1008
"SBSV",45,545,550,1095
"SBSV",46,534,534,1068
"SBSV",47,549,547,1096
"SBSV",48,547,551,1098
"SBSV",49,590,588,1178
"SBSV",50,617,619,1236
"SBSV",51,640,637,1277
"SBSV",52,673,666,1339
"SBSV",53,78,84,162
"SBSR",1,51,49,100
"SBSR",2,54,53,107
"SBSR",3,53,54,107
"SBSR",4,56,56,112
"SBSR",5,49,49,98
"SBSR",6,48,48,96
"SBSR",7,41,42,83
"SBSR",8,49,48,97
"SBSR",9,48,49,97
"SBSR",10,49,49,98
"SBSR",11,37,37,74
"SBSR",12,30,31,61
"SBSR",13,27,27,54
"SBSR",14,27,26,53
"SBSR",15,28,28,56
"SBSR",16,29,28,57
"SBSR",17,28,29,57
"SBSR",18,29,29,58
"SBSR",19,35,35,70
"SBSR",20,41,41,82
"SBSR",21,42,42,84
"SBSR",22,39,39,78
"SBSR",23,39,38,77
"SBSR",24,43,44,87
"SBSR",25,44,44,88
"SBSR",26,42,42,84
"SBSR",27,46,46,92
"SBSR",28,45,45,90
"SBSR",29,46,46,92
"SBSR",30,45,45,90
"SBSR",31,51,50,101
"SBSR",32,54,54,108
"SBSR",33,55,55,110
"SBSR",34,54,54,108
"SBSR",35,59,59,118
"SBSR",36,52,52,104
"SBSR",37,61,61,122
"SBSR",38,62,62,124
"SBSR",39,62,62,124
"SBSR",40,63,63,126
"SBSR",41,54,55,109
"SBSR",42,65,64,129
"SBSR",43,65,65,130
"SBSR",44,58,58,116
"SBSR",45,68,68,136
"SBSR",46,62,64,126
"SBSR",47,69,67,136
"SBSR",48,68,68,136
"SBSR",49,75,75,150
"SBSR",50,76,77,153
"SBSR",51,75,74,149
"SBSR",52,64,63,127
"SBSR",53,6,9,15
"SBML",1,5,5,10
"SBML",2,6,6,12
"SBML",3,6,6,12
"SBML",4,6,6,12
"SBML",5,6,5,11
"SBML",6,6,6,12
"SBML",7,8,8,16
"SBML",8,6,7,13
"SBML",9,6,6,12
"SBML",10,6,6,12
"SBML",11,6,6,12
"SBML",12,6,6,12
"SBML",13,6,6,12
"SBML",14,6,6,12
"SBML",15,7,7,14
"SBML",16,6,6,12
"SBML",17,7,7,14
"SBML",18,7,7,14
"SBML",19,7,6,13
"SBML",20,6,6,12
"SBML",21,6,6,12
"SBML",22,4,6,10
"SBML",23,5,4,9
"SBML",24,6,6,12
"SBML",25,6,6,12
"SBML",26,6,6,12
"SBML",27,6,6,12
"SBML",28,6,6,12
"SBML",29,6,6,12
"SBML",30,6,6,12
"SBML",31,6,6,12
"SBML",32,6,6,12
"SBML",33,6,5,11
"SBML",34,6,6,12
"SBML",35,8,8,16
"SBML",36,8,9,17
"SBML",37,13,12,25
"SBML",38,13,13,26
"SBML",39,13,13,26
"SBML",40,13,13,26
"SBML",41,9,9,18
"SBML",42,12,12,24
"SBML",43,12,13,25
"SBML",44,10,9,19
"SBML",45,13,13,26
"SBML",46,11,12,23
"SBML",47,13,12,25
"SBML",48,11,12,23
"SBML",49,13,12,25
"SBML",50,9,10,19
"SBML",51,9,8,17
"SBML",52,4,5,9
"SBPL",1,33,32,65
"SBPL",2,34,34,68
"SBPL",3,33,33,66
"SBPL",4,32,32,64
"SBPL",5,28,29,57
"SBPL",6,27,27,54
"SBPL",7,25,25,50
"SBPL",8,25,26,51
"SBPL",9,21,20,41
"SBPL",10,22,22,44
"SBPL",11,17,17,34
"SBPL",12,15,16,31
"SBPL",13,18,17,35
"SBPL",14,15,15,30
"SBPL",15,17,17,34
"SBPL",16,16,17,33
"SBPL",17,15,15,30
"SBPL",18,17,15,32
"SBPL",19,17,17,34
"SBPL",20,23,23,46
"SBPL",21,24,24,48
"SBPL",22,21,21,42
"SBPL",23,21,21,42
"SBPL",24,22,22,44
"SBPL",25,27,27,54
"SBPL",26,27,27,54
"SBPL",27,29,29,58
"SBPL",28,28,28,56
"SBPL",29,30,30,60
"SBPL",30,30,30,60
"SBPL",31,32,30,62
"SBPL",32,31,31,62
"SBPL",33,30,30,60
"SBPL",34,29,29,58
"SBPL",35,30,30,60
"SBPL",36,28,29,57
"SBPL",37,31,31,62
"SBPL",38,32,32,64
"SBPL",39,31,31,62
"SBPL",40,33,32,65
"SBPL",41,26,26,52
"SBPL",42,33,33,66
"SBPL",43,33,33,66
"SBPL",44,29,29,58
"SBPL",45,39,40,79
"SBPL",46,38,37,75
"SBPL",47,42,42,84
"SBPL",48,37,36,73
"SBPL",49,41,42,83
"SBPL",50,41,41,82
"SBPL",51,43,43,86
"SBPL",52,31,31,62
"SBPL",53,5,5,10
"SBZM",1,8,8,16
"SBZM",2,9,9,18
"SBZM",3,8,8,16
"SBZM",4,6,6,12
"SBZM",5,6,6,12
"SBZM",6,9,9,18
"SBZM",7,5,5,10
"SBZM",8,8,8,16
"SBZM",9,8,8,16
"SBZM",10,8,8,16
"SBZM",11,8,8,16
"SBZM",12,7,7,14
"SBZM",13,9,9,18
"SBZM",14,6,6,12
"SBZM",15,5,5,10
"SBZM",16,5,5,10
"SBZM",17,3,3,6
"SBZM",18,4,4,8
"SBZM",19,6,6,12
"SBZM",20,5,5,10
"SBZM",21,5,5,10
"SBZM",22,4,4,8
"SBZM",23,5,5,10
"SBZM",24,7,7,14
"SBZM",25,7,7,14
"SBZM",26,7,7,14
"SBZM",27,7,7,14
"SBZM",28,7,7,14
"SBZM",29,7,7,14
"SBZM",30,7,7,14
"SBZM",31,6,6,12
"SBZM",32,6,6,12
"SBZM",33,6,6,12
"SBZM",34,6,6,12
"SBZM",35,7,7,14
"SBZM",36,7,7,14
"SBZM",37,7,7,14
"SBZM",38,7,7,14
"SBZM",39,7,7,14
"SBZM",40,11,11,22
"SBZM",41,6,6,12
"SBZM",42,11,11,22
"SBZM",43,12,12,24
"SBZM",44,13,13,26
"SBZM",45,17,17,34
"SBZM",46,14,14,28
"SBZM",47,16,16,32
"SBZM",48,17,17,34
"SBZM",49,18,18,36
"SBZM",50,17,17,34
"SBZM",51,13,13,26
"SBZM",52,10,10,20
"SBZM",53,1,1,2
"SBAT",1,7,7,14
"SBAT",2,7,7,14
"SBAT",3,7,7,14
"SBAT",4,7,7,14
"SBAT",5,5,5,10
"SBAT",6,4,4,8
"SBAT",7,2,2,4
"SBAT",8,4,4,8
"SBAT",9,4,4,8
"SBAT",10,4,4,8
"SBAT",11,4,4,8
"SBAT",12,3,3,6
"SBAT",13,3,3,6
"SBAT",14,3,3,6
"SBAT",15,3,3,6
"SBAT",16,3,3,6
"SBAT",17,3,3,6
"SBAT",18,3,3,6
"SBAT",19,3,3,6
"SBAT",20,3,3,6
"SBAT",21,3,3,6
"SBAT",22,3,3,6
"SBAT",23,4,4,8
"SBAT",24,5,5,10
"SBAT",25,5,5,10
"SBAT",26,5,5,10
"SBAT",27,4,4,8
"SBAT",28,5,5,10
"SBAT",29,5,5,10
"SBAT",30,5,5,10
"SBAT",31,6,6,12
"SBAT",32,7,7,14
"SBAT",33,7,7,14
"SBAT",34,7,7,14
"SBAT",35,7,7,14
"SBAT",36,5,5,10
"SBAT",37,7,7,14
"SBAT",38,7,7,14
"SBAT",39,7,7,14
"SBAT",40,7,7,14
"SBAT",41,5,5,10
"SBAT",42,7,7,14
"SBAT",43,7,7,14
"SBAT",44,5,5,10
"SBAT",45,8,7,15
"SBAT",46,6,6,12
"SBAT",47,7,7,14
"SBAT",48,7,7,14
"SBAT",49,7,7,14
"SBAT",50,7,7,14
"SBAT",51,7,7,14
"SBAT",52,3,3,6
"SBCG",1,76,77,153
"SBCG",2,83,83,166
"SBCG",3,84,84,168
"SBCG",4,87,86,173
"SBCG",5,75,76,151
"SBCG",6,79,78,157
"SBCG",7,65,66,131
"SBCG",8,79,78,157
"SBCG",9,78,79,157
"SBCG",10,68,68,136
"SBCG",11,59,59,118
"SBCG",12,49,49,98
"SBCG",13,49,47,96
"SBCG",14,39,39,78
"SBCG",15,42,42,84
"SBCG",16,41,41,82
"SBCG",17,41,41,82
"SBCG",18,40,42,82
"SBCG",19,53,52,105
"SBCG",20,56,56,112
"SBCG",21,57,58,115
"SBCG",22,58,59,117
"SBCG",23,64,62,126
"SBCG",24,66,67,133
"SBCG",25,67,67,134
"SBCG",26,64,66,130
"SBCG",27,82,80,162
"SBCG",28,85,85,170
"SBCG",29,87,87,174
"SBCG",30,85,85,170
"SBCG",31,95,96,191
"SBCG",32,96,96,192
"SBCG",33,96,97,193
"SBCG",34,93,93,186
"SBCG",35,101,100,201
"SBCG",36,94,93,187
"SBCG",37,104,104,208
"SBCG",38,106,106,212
"SBCG",39,104,104,208
"SBCG",40,108,108,216
"SBCG",41,92,91,183
"SBCG",42,109,109,218
"SBCG",43,110,110,220
"SBCG",44,101,103,204
"SBCG",45,115,115,230
"SBCG",46,106,106,212
"SBCG",47,118,117,235
"SBCG",48,111,113,224
"SBCG",49,115,116,231
"SBCG",50,120,121,241
"SBCG",51,121,121,242
"SBCG",52,111,109,220
"SBCG",53,14,16,30
"SBMK",1,27,26,53
"SBMK",2,29,29,58
"SBMK",3,29,29,58
"SBMK",4,30,30,60
"SBMK",5,26,25,51
"SBMK",6,23,23,46
"SBMK",7,18,18,36
"SBMK",8,17,17,34
"SBMK",9,22,22,44
"SBMK",10,24,25,49
"SBMK",11,17,17,34
"SBMK",12,15,15,30
"SBMK",13,13,14,27
"SBMK",14,10,10,20
"SBMK",15,12,12,24
"SBMK",16,12,11,23
"SBMK",17,12,13,25
"SBMK",18,12,12,24
"SBMK",19,12,12,24
"SBMK",20,12,12,24
"SBMK",21,13,13,26
"SBMK",22,13,12,25
"SBMK",23,18,18,36
"SBMK",24,20,20,40
"SBMK",25,21,21,42
"SBMK",26,19,19,38
"SBMK",27,23,23,46
"SBMK",28,24,24,48
"SBMK",29,24,24,48
"SBMK",30,24,24,48
"SBMK",31,24,24,48
"SBMK",32,21,21,42
"SBMK",33,21,21,42
"SBMK",34,21,21,42
"SBMK",35,23,22,45
"SBMK",36,23,23,46
"SBMK",37,29,29,58
"SBMK",38,29,29,58
"SBMK",39,29,29,58
"SBMK",40,30,30,60
"SBMK",41,23,23,46
"SBMK",42,29,29,58
"SBMK",43,30,29,59
"SBMK",44,26,27,53
"SBMK",45,29,29,58
"SBMK",46,29,29,58
"SBMK",47,30,30,60
"SBMK",48,29,29,58
"SBMK",49,34,34,68
"SBMK",50,35,35,70
"SBMK",51,31,31,62
"SBMK",52,23,23,46
"SBMK",53,2,3,5
"SBCT",1,292,291,583
"SBCT",2,300,305,605
"SBCT",3,277,278,555
"SBCT",4,257,264,521
"SBCT",5,255,249,504
"SBCT",6,248,254,502
"SBCT",7,233,238,471
"SBCT",8,260,262,522
"SBCT",9,250,252,502
"SBCT",10,211,224,435
"SBCT",11,161,162,323
"SBCT",12,140,144,284
"SBCT",13,148,148,296
"SBCT",14,117,122,239
"SBCT",15,126,127,253
"SBCT",16,117,121,238
"SBCT",17,127,131,258
"SBCT",18,148,149,297
"SBCT",19,160,165,325
"SBCT",20,173,178,351
"SBCT",21,174,177,351
"SBCT",22,185,192,377
"SBCT",23,215,214,429
"SBCT",24,231,236,467
"SBCT",25,219,224,443
"SBCT",26,219,218,437
"SBCT",27,249,251,500
"SBCT",28,257,264,521
"SBCT",29,265,268,533
"SBCT",30,257,261,518
"SBCT",31,279,280,559
"SBCT",32,297,302,599
"SBCT",33,290,288,578
"SBCT",34,299,304,603
"SBCT",35,304,308,612
"SBCT",36,291,300,591
"SBCT",37,355,359,714
"SBCT",38,368,373,741
"SBCT",39,379,378,757
"SBCT",40,383,391,774
"SBCT",41,311,315,626
"SBCT",42,384,389,773
"SBCT",43,372,379,751
"SBCT",44,350,349,699
"SBCT",45,433,438,871
"SBCT",46,398,402,800
"SBCT",47,424,429,853
"SBCT",48,422,426,848
"SBCT",49,435,437,872
"SBCT",50,438,441,879
"SBCT",51,410,411,821
"SBCT",52,354,360,714
"SBCT",53,45,44,89
"SBSM",1,4,4,8
"SBSM",2,5,5,10
"SBSM",3,5,5,10
"SBSM",4,6,6,12
"SBSM",5,3,3,6
"SBSM",6,4,4,8
"SBSM",7,5,5,10
"SBSM",8,5,5,10
"SBSM",9,4,4,8
"SBSM",10,6,6,12
"SBSM",11,6,6,12
"SBSM",12,5,5,10
"SBSM",13,5,5,10
"SBSM",14,5,5,10
"SBSM",15,6,6,12
"SBSM",16,4,4,8
"SBSM",17,6,6,12
"SBSM",18,6,6,12
"SBSM",19,4,4,8
"SBSM",20,4,4,8
"SBSM",21,3,3,6
"SBSM",22,4,4,8
"SBSM",23,2,2,4
"SBSM",24,3,3,6
"SBSM",25,3,3,6
"SBSM",26,3,3,6
"SBSM",27,3,3,6
"SBSM",28,3,3,6
"SBSM",29,3,3,6
"SBSM",30,3,3,6
"SBSM",31,3,3,6
"SBSM",32,7,7,14
"SBSM",33,7,7,14
"SBSM",34,8,8,16
"SBSM",35,7,7,14
"SBSM",36,3,3,6
"SBSM",37,7,7,14
"SBSM",38,7,7,14
"SBSM",39,7,7,14
"SBSM",40,7,7,14
"SBSM",41,4,4,8
"SBSM",42,7,7,14
"SBSM",43,7,7,14
"SBSM",44,6,6,12
"SBSM",45,7,7,14
"SBSM",46,6,6,12
"SBSM",47,7,7,14
"SBSM",48,8,8,16
"SBSM",49,9,9,18
"SBSM",50,9,9,18
"SBSM",51,9,9,18
"SBSM",52,7,7,14
"SBBE",1,232,226,458
"SBBE",2,240,242,482
"SBBE",3,230,230,460
"SBBE",4,214,214,428
"SBBE",5,209,209,418
"SBBE",6,200,200,400
"SBBE",7,156,157,313
"SBBE",8,180,177,357
"SBBE",9,186,188,374
"SBBE",10,180,182,362
"SBBE",11,159,158,317
"SBBE",12,145,148,293
"SBBE",13,133,133,266
"SBBE",14,111,111,222
"SBBE",15,115,119,234
"SBBE",16,103,103,206
"SBBE",17,101,101,202
"SBBE",18,118,116,234
"SBBE",19,132,130,262
"SBBE",20,144,145,289
"SBBE",21,147,147,294
"SBBE",22,155,156,311
"SBBE",23,156,151,307
"SBBE",24,172,172,344
"SBBE",25,179,178,357
"SBBE",26,180,178,358
"SBBE",27,222,222,444
"SBBE",28,229,229,458
"SBBE",29,229,228,457
"SBBE",30,229,230,459
"SBBE",31,225,226,451
"SBBE",32,225,226,451
"SBBE",33,224,224,448
"SBBE",34,198,201,399
"SBBE",35,225,224,449
"SBBE",36,198,198,396
"SBBE",37,230,230,460
"SBBE",38,226,226,452
"SBBE",39,228,230,458
"SBBE",40,249,247,496
"SBBE",41,211,211,422
"SBBE",42,257,257,514
"SBBE",43,249,251,500
"SBBE",44,245,243,488
"SBBE",45,298,303,601
"SBBE",46,276,273,549
"SBBE",47,308,308,616
"SBBE",48,313,315,628
"SBBE",49,321,324,645
"SBBE",50,327,328,655
"SBBE",51,334,335,669
"SBBE",52,289,291,580
"SBBE",53,34,40,74
"SBCH",1,38,37,75
"SBCH",2,42,41,83
"SBCH",3,42,42,84
"SBCH",4,39,40,79
"SBCH",5,39,39,78
"SBCH",6,39,39,78
"SBCH",7,32,32,64
"SBCH",8,33,33,66
"SBCH",9,35,35,70
"SBCH",10,30,30,60
"SBCH",11,26,26,52
"SBCH",12,21,21,42
"SBCH",13,17,18,35
"SBCH",14,13,13,26
"SBCH",15,15,15,30
"SBCH",16,14,14,28
"SBCH",17,15,15,30
"SBCH",18,16,16,32
"SBCH",19,20,20,40
"SBCH",20,22,22,44
"SBCH",21,23,23,46
"SBCH",22,22,22,44
"SBCH",23,25,24,49
"SBCH",24,30,30,60
"SBCH",25,30,29,59
"SBCH",26,28,29,57
"SBCH",27,33,33,66
"SBCH",28,29,29,58
"SBCH",29,31,31,62
"SBCH",30,29,29,58
"SBCH",31,33,33,66
"SBCH",32,35,35,70
"SBCH",33,39,38,77
"SBCH",34,37,37,74
"SBCH",35,39,38,77
"SBCH",36,32,33,65
"SBCH",37,43,43,86
"SBCH",38,45,45,90
"SBCH",39,43,43,86
"SBCH",40,43,43,86
"SBCH",41,33,34,67
"SBCH",42,42,41,83
"SBCH",43,41,41,82
"SBCH",44,43,43,86
"SBCH",45,52,52,104
"SBCH",46,46,46,92
"SBCH",47,52,52,104
"SBCH",48,51,51,102
"SBCH",49,51,51,102
"SBCH",50,51,51,102
"SBCH",51,44,44,88
"SBCH",52,34,35,69
"SBCH",53,4,5,9
"SBIL",1,94,93,187
"SBIL",2,93,93,186
"SBIL",3,89,89,178
"SBIL",4,87,87,174
"SBIL",5,75,75,150
"SBIL",6,56,56,112
"SBIL",7,52,52,104
"SBIL",8,53,53,106
"SBIL",9,52,52,104
"SBIL",10,53,53,106
"SBIL",11,44,44,88
"SBIL",12,34,34,68
"SBIL",13,30,31,61
"SBIL",14,24,24,48
"SBIL",15,25,25,50
"SBIL",16,23,23,46
"SBIL",17,25,25,50
"SBIL",18,23,23,46
"SBIL",19,23,23,46
"SBIL",20,24,24,48
"SBIL",21,26,26,52
"SBIL",22,32,32,64
"SBIL",23,35,35,70
"SBIL",24,36,36,72
"SBIL",25,43,43,86
"SBIL",26,45,45,90
"SBIL",27,67,67,134
"SBIL",28,71,71,142
"SBIL",29,73,73,146
"SBIL",30,75,75,150
"SBIL",31,68,68,136
"SBIL",32,62,62,124
"SBIL",33,61,61,122
"SBIL",34,58,58,116
"SBIL",35,59,59,118
"SBIL",36,59,60,119
"SBIL",37,60,60,120
"SBIL",38,59,59,118
"SBIL",39,60,60,120
"SBIL",40,62,62,124
"SBIL",41,58,58,116
"SBIL",42,61,61,122
"SBIL",43,61,61,122
"SBIL",44,55,55,110
"SBIL",45,57,57,114
"SBIL",46,53,53,106
"SBIL",47,60,60,120
"SBIL",48,61,61,122
"SBIL",49,68,68,136
"SBIL",50,71,71,142
"SBIL",51,96,96,192
"SBIL",52,101,104,205
"SBIL",53,13,13,26
"SBNM",5,2,2,4
"SBNM",6,3,3,6
"SBNM",7,2,2,4
"SBNM",8,3,3,6
"SBNM",9,3,3,6
"SBNM",10,5,5,10
"SBNM",11,4,4,8
"SBNM",12,4,4,8
"SBNM",13,4,4,8
"SBNM",14,5,5,10
"SBNM",15,5,5,10
"SBNM",16,4,4,8
"SBNM",17,5,5,10
"SBNM",18,4,4,8
"SBNM",19,3,3,6
"SBNM",20,3,3,6
"SBNM",21,3,3,6
"SBNM",22,2,2,4
"SBNM",23,2,2,4
"SBNM",24,3,3,6
"SBNM",25,3,3,6
"SBNM",26,1,1,2
"SBNM",28,3,3,6
"SBNM",29,3,3,6
"SBNM",30,3,3,6
"SBNM",31,5,5,10
"SBNM",32,5,5,10
"SBNM",33,5,5,10
"SBNM",34,5,5,10
"SBNM",35,5,5,10
"SBNM",36,3,3,6
"SBNM",37,4,4,8
"SBNM",38,5,5,10
"SBNM",39,5,5,10
"SBNM",40,5,5,10
"SBNM",41,3,3,6
"SBNM",42,5,5,10
"SBNM",43,5,5,10
"SBNM",44,4,4,8
"SBNM",45,5,5,10
"SBNM",46,5,5,10
"SBNM",47,5,5,10
"SBNM",48,5,5,10
"SBNM",49,5,5,10
"SBNM",50,5,5,10
"SBNM",51,3,3,6
"SBNM",52,2,2,4
"SBSP",1,815,824,1639
"SBSP",2,800,799,1599
"SBSP",3,757,757,1514
"SBSP",4,724,722,1446
"SBSP",5,690,693,1383
"SBSP",6,697,696,1393
"SBSP",7,596,592,1188
"SBSP",8,637,642,1279
"SBSP",9,665,663,1328
"SBSP",10,598,596,1194
"SBSP",11,445,441,886
"SBSP",12,380,379,759
"SBSP",13,368,370,738
"SBSP",14,271,272,543
"SBSP",15,261,264,525
"SBSP",16,265,262,527
"SBSP",17,264,267,531
"SBSP",18,322,324,646
"SBSP",19,376,380,756
"SBSP",20,414,410,824
"SBSP",21,429,427,856
"SBSP",22,474,473,947
"SBSP",23,482,479,961
"SBSP",24,500,501,1001
"SBSP",25,521,521,1042
"SBSP",26,527,531,1058
"SBSP",27,728,728,1456
"SBSP",28,755,751,1506
"SBSP",29,791,794,1585
"SBSP",30,808,807,1615
"SBSP",31,761,764,1525
"SBSP",32,752,753,1505
"SBSP",33,758,757,1515
"SBSP",34,707,707,1414
"SBSP",35,796,791,1587
"SBSP",36,833,826,1659
"SBSP",37,884,885,1769
"SBSP",38,912,913,1825
"SBSP",39,910,912,1822
"SBSP",40,939,945,1884
"SBSP",41,889,887,1776
"SBSP",42,956,954,1910
"SBSP",43,953,955,1908
"SBSP",44,972,977,1949
"SBSP",45,1043,1045,2088
"SBSP",46,1012,1013,2025
"SBSP",47,1082,1079,2161
"SBSP",48,1089,1087,2176
"SBSP",49,1151,1152,2303
"SBSP",50,1213,1213,2426
"SBSP",51,1246,1244,2490
"SBSP",52,1193,1193,2386
"SBSP",53,162,152,314
"SBFN",1,24,24,48
"SBFN",2,24,24,48
"SBFN",3,24,24,48
"SBFN",4,24,24,48
"SBFN",5,23,23,46
"SBFN",6,22,22,44
"SBFN",7,23,23,46
"SBFN",8,22,22,44
"SBFN",9,22,22,44
"SBFN",10,22,22,44
"SBFN",11,22,22,44
"SBFN",12,22,22,44
"SBFN",13,21,21,42
"SBFN",14,14,14,28
"SBFN",15,15,15,30
"SBFN",16,15,15,30
"SBFN",17,15,15,30
"SBFN",18,18,18,36
"SBFN",19,18,18,36
"SBFN",20,20,20,40
"SBFN",21,20,20,40
"SBFN",22,20,20,40
"SBFN",23,23,23,46
"SBFN",24,24,24,48
"SBFN",25,24,24,48
"SBFN",26,24,24,48
"SBFN",27,26,26,52
"SBFN",28,26,26,52
"SBFN",29,25,25,50
"SBFN",30,27,27,54
"SBFN",31,23,23,46
"SBFN",32,25,25,50
"SBFN",33,25,24,49
"SBFN",34,26,26,52
"SBFN",35,28,28,56
"SBFN",36,28,28,56
"SBFN",37,30,30,60
"SBFN",38,30,30,60
"SBFN",39,30,30,60
"SBFN",40,30,30,60
"SBFN",41,29,29,58
"SBFN",42,30,30,60
"SBFN",43,30,30,60
"SBFN",44,26,26,52
"SBFN",45,30,30,60
"SBFN",46,34,34,68
"SBFN",47,30,30,60
"SBFN",48,30,30,60
"SBFN",49,30,30,60
"SBFN",50,30,30,60
"SBFN",51,32,32,64
"SBFN",52,31,31,62
"SBFN",53,4,4,8
"SBCF",1,675,687,1362
"SBCF",2,725,727,1452
"SBCF",3,712,704,1416
"SBCF",4,684,684,1368
"SBCF",5,619,614,1233
"SBCF",6,559,559,1118
"SBCF",7,490,490,980
"SBCF",8,546,544,1090
"SBCF",9,566,564,1130
"SBCF",10,552,546,1098
"SBCF",11,498,499,997
"SBCF",12,451,450,901
"SBCF",13,446,444,890
"SBCF",14,372,368,740
"SBCF",15,405,404,809
"SBCF",16,406,408,814
"SBCF",17,407,403,810
"SBCF",18,407,405,812
"SBCF",19,447,447,894
"SBCF",20,464,466,930
"SBCF",21,460,464,924
"SBCF",22,480,478,958
"SBCF",23,483,491,974
"SBCF",24,532,534,1066
"SBCF",25,504,505,1009
"SBCF",26,530,528,1058
"SBCF",27,606,608,1214
"SBCF",28,627,626,1253
"SBCF",29,660,658,1318
"SBCF",30,661,660,1321
"SBCF",31,640,641,1281
"SBCF",32,641,640,1281
"SBCF",33,655,658,1313
"SBCF",34,636,635,1271
"SBCF",35,657,656,1313
"SBCF",36,636,633,1269
"SBCF",37,735,736,1471
"SBCF",38,742,739,1481
"SBCF",39,740,741,1481
"SBCF",40,769,772,1541
"SBCF",41,643,638,1281
"SBCF",42,771,769,1540
"SBCF",43,776,776,1552
"SBCF",44,710,716,1426
"SBCF",45,786,780,1566
"SBCF",46,742,748,1490
"SBCF",47,783,780,1563
"SBCF",48,803,809,1612
"SBCF",49,848,854,1702
"SBCF",50,898,897,1795
"SBCF",51,875,871,1746
"SBCF",52,778,787,1565
"SBCF",53,98,86,184
"SBUL",1,87,85,172
"SBUL",2,87,86,173
"SBUL",3,85,87,172
"SBUL",4,88,87,175
"SBUL",5,84,85,169
"SBUL",6,86,87,173
"SBUL",7,71,71,142
"SBUL",8,83,81,164
"SBUL",9,75,75,150
"SBUL",10,70,70,140
"SBUL",11,58,58,116
"SBUL",12,42,42,84
"SBUL",13,42,42,84
"SBUL",14,45,45,90
"SBUL",15,45,45,90
"SBUL",16,45,45,90
"SBUL",17,46,46,92
"SBUL",18,47,47,94
"SBUL",19,54,54,108
"SBUL",20,57,57,114
"SBUL",21,61,61,122
"SBUL",22,61,61,122
"SBUL",23,63,63,126
"SBUL",24,64,64,128
"SBUL",25,63,63,126
"SBUL",26,58,58,116
"SBUL",27,66,65,131
"SBUL",28,65,65,130
"SBUL",29,65,65,130
"SBUL",30,67,67,134
"SBUL",31,69,69,138
"SBUL",32,78,78,156
"SBUL",33,80,80,160
"SBUL",34,76,77,153
"SBUL",35,82,81,163
"SBUL",36,72,71,143
"SBUL",37,90,91,181
"SBUL",38,93,93,186
"SBUL",39,92,92,184
"SBUL",40,95,95,190
"SBUL",41,77,78,155
"SBUL",42,95,94,189
"SBUL",43,98,98,196
"SBUL",44,88,87,175
"SBUL",45,94,96,190
"SBUL",46,88,85,173
"SBUL",47,96,97,193
"SBUL",48,94,95,189
"SBUL",49,92,91,183
"SBUL",50,98,98,196
"SBUL",51,96,96,192
"SBUL",52,75,75,150
"SBUL",53,8,9,17
"SBCX",1,4,4,8
"SBCX",2,4,4,8
"SBCX",3,4,4,8
"SBCX",4,3,3,6
"SBCX",5,5,5,10
"SBCX",6,7,7,14
"SBCX",7,3,3,6
"SBCX",8,7,7,14
"SBCX",9,8,8,16
"SBCX",10,5,5,10
"SBCX",11,5,5,10
"SBCX",12,6,6,12
"SBCX",13,4,4,8
"SBCX",14,5,5,10
"SBCX",15,7,7,14
"SBCX",16,7,7,14
"SBCX",17,5,5,10
"SBCX",18,6,6,12
"SBCX",19,7,7,14
"SBCX",20,7,7,14
"SBCX",21,6,6,12
"SBCX",22,7,7,14
"SBCX",23,7,7,14
"SBCX",24,5,5,10
"SBCX",25,6,6,12
"SBCX",26,9,9,18
"SBCX",27,8,8,16
"SBCX",28,8,8,16
"SBCX",29,9,9,18
"SBCX",30,9,9,18
"SBCX",31,10,10,20
"SBCX",32,9,8,17
"SBCX",33,10,11,21
"SBCX",34,9,9,18
"SBCX",35,14,14,28
"SBCX",36,10,10,20
"SBCX",37,10,10,20
"SBCX",38,13,13,26
"SBCX",39,12,12,24
"SBCX",40,14,13,27
"SBCX",41,10,11,21
"SBCX",42,11,11,22
"SBCX",43,14,14,28
"SBCX",44,11,11,22
"SBCX",45,14,14,28
"SBCX",46,11,11,22
"SBCX",47,13,13,26
"SBCX",48,16,16,32
"SBCX",49,20,19,39
"SBCX",50,14,15,29
"SBCX",51,14,14,28
"SBCX",52,13,13,26
"SBCX",53,2,2,4
"SBTC",1,4,4,8
"SBTC",2,4,4,8
"SBTC",3,4,4,8
"SBTC",4,4,4,8
"SBTC",5,2,2,4
"SBTC",7,4,4,8
"SBTC",13,1,1,2
"SBTC",14,1,1,2
"SBTC",22,2,2,4
"SBTC",23,2,2,4
"SBTC",26,4,4,8
"SBTC",27,5,5,10
"SBTC",28,4,4,8
"SBTC",29,4,4,8
"SBTC",30,4,4,8
"SBTC",31,4,4,8
"SBTC",32,3,3,6
"SBTC",33,3,3,6
"SBTC",34,3,3,6
"SBTC",35,2,2,4
"SBTC",36,6,6,12
"SBTC",37,5,5,10
"SBTC",38,5,5,10
"SBTC",39,5,5,10
"SBTC",40,6,6,12
"SBTC",41,9,9,18
"SBTC",42,6,6,12
"SBTC",43,6,6,12
"SBTC",44,2,2,4
"SBTC",45,4,4,8
"SBTC",46,9,9,18
"SBTC",47,3,3,6
"SBTC",48,4,4,8
"SBTC",49,5,5,10
"SBTC",50,5,5,10
"SBTC",51,6,6,12
"SBTC",52,6,6,12
"SBTS",45,1,1,2
"SBTS",46,1,1,2
