"Aeroporto","Semana","Voos_como_Destino","Voos_como_Origem","Total_Voos"
"SBVT",1,266,268,534
"SBVT",2,282,281,563
"SBVT",3,286,285,571
"SBVT",4,285,286,571
"SBVT",5,271,273,544
"SBVT",6,254,254,508
"SBVT",7,254,253,507
"SBVT",8,217,218,435
"SBVT",9,247,244,491
"SBVT",10,251,250,501
"SBVT",11,241,241,482
"SBVT",12,125,128,253
"SBVT",13,42,42,84
"SBVT",14,25,26,51
"SBVT",15,21,19,40
"SBVT",16,24,24,48
"SBVT",17,27,27,54
"SBVT",18,24,25,49
"SBVT",19,29,32,61
"SBVT",20,32,33,65
"SBVT",21,39,38,77
"SBVT",22,38,38,76
"SBVT",23,42,48,90
"SBVT",24,48,47,95
"SBVT",25,55,60,115
"SBVT",26,64,62,126
"SBVT",27,70,71,141
"SBVT",28,68,71,139
"SBVT",29,80,77,157
"SBVT",30,74,72,146
"SBVT",31,77,78,155
"SBVT",32,89,89,178
"SBVT",33,99,97,196
"SBVT",34,105,104,209
"SBVT",35,106,105,211
"SBVT",36,121,119,240
"SBVT",37,127,129,256
"SBVT",38,130,129,259
"SBVT",39,126,127,253
"SBVT",40,126,125,251
"SBVT",41,127,127,254
"SBVT",42,137,137,274
"SBVT",43,127,127,254
"SBVT",44,136,129,265
"SBVT",45,170,165,335
"SBVT",46,175,176,351
"SBVT",47,167,169,336
"SBVT",48,181,179,360
"SBVT",49,194,191,385
"SBVT",50,201,199,400
"SBVT",51,204,206,410
"SBVT",52,189,184,373
"SBVT",53,55,56,111
"SBJV",1,46,46,92
"SBJV",2,53,53,106
"SBJV",3,56,55,111
"SBJV",4,56,57,113
"SBJV",5,56,56,112
"SBJV",6,42,42,84
"SBJV",7,57,57,114
"SBJV",8,41,42,83
"SBJV",9,51,50,101
"SBJV",10,58,58,116
"SBJV",11,53,54,107
"SBJV",12,23,25,48
"SBJV",13,1,1,2
"SBJV",27,2,2,4
"SBJV",28,3,3,6
"SBJV",29,2,2,4
"SBJV",30,2,2,4
"SBJV",31,4,4,8
"SBJV",32,7,7,14
"SBJV",33,10,10,20
"SBJV",34,12,13,25
"SBJV",35,11,11,22
"SBJV",36,16,16,32
"SBJV",37,16,16,32
"SBJV",38,17,17,34
"SBJV",39,17,17,34
"SBJV",40,20,19,39
"SBJV",41,18,19,37
"SBJV",42,23,23,46
"SBJV",43,22,21,43
"SBJV",44,19,19,38
"SBJV",45,20,20,40
"SBJV",46,20,22,42
"SBJV",47,20,20,40
"SBJV",48,22,23,45
"SBJV",49,22,22,44
"SBJV",50,22,22,44
"SBJV",51,22,21,43
"SBJV",52,22,22,44
"SBJV",53,6,6,12
"SBDO",1,20,20,40
"SBDO",2,20,20,40
"SBDO",3,19,19,38
"SBDO",4,22,22,44
"SBDO",5,21,21,42
"SBDO",6,21,21,42
"SBDO",7,22,22,44
"SBDO",8,20,20,40
"SBDO",9,22,23,45
"SBDO",10,27,28,55
"SBDO",11,25,26,51
"SBDO",12,12,13,25
"SBDO",28,2,1,3
"SBDO",29,6,6,12
"SBDO",30,5,6,11
"SBDO",31,6,6,12
"SBDO",32,10,8,18
"SBDO",33,10,11,21
"SBDO",34,9,9,18
"SBDO",35,8,9,17
"SBDO",36,8,8,16
"SBDO",37,8,8,16
"SBDO",38,8,8,16
"SBDO",39,7,7,14
"SBDO",40,8,9,17
"SBDO",41,9,9,18
"SBDO",42,9,10,19
"SBDO",43,10,10,20
"SBDO",44,8,9,17
"SBDO",45,11,12,23
"SBDO",46,9,9,18
"SBDO",47,9,9,18
"SBDO",48,10,10,20
"SBDO",49,11,11,22
"SBDO",50,10,10,20
"SBDO",51,11,11,22
"SBDO",52,10,10,20
"SBDO",53,2,2,4
"SBCR",1,4,4,8
"SBCR",2,5,5,10
"SBCR",3,5,5,10
"SBCR",4,5,5,10
"SBCR",5,5,5,10
"SBCR",6,5,5,10
"SBCR",7,5,5,10
"SBCR",8,4,4,8
"SBCR",9,5,5,10
"SBCR",10,5,5,10
"SBCR",11,5,5,10
"SBCR",12,2,2,4
"SBCR",44,1,0,1
"SBCR",45,0,1,1
"SBCR",47,0,1,1
"SBCR",50,1,1,2
"SBCR",51,3,3,6
"SBCR",52,2,2,4
"SBCR",53,1,1,2
"SBSN",1,52,51,103
"SBSN",2,64,64,128
"SBSN",3,66,66,132
"SBSN",4,62,63,125
"SBSN",5,54,56,110
"SBSN",6,48,48,96
"SBSN",7,46,46,92
"SBSN",8,35,35,70
"SBSN",9,47,48,95
"SBSN",10,47,47,94
"SBSN",11,46,46,92
"SBSN",12,28,28,56
"SBSN",13,4,4,8
"SBSN",14,1,1,2
"SBSN",15,1,1,2
"SBSN",16,1,1,2
"SBSN",17,1,1,2
"SBSN",18,3,3,6
"SBSN",19,4,4,8
"SBSN",20,8,7,15
"SBSN",21,13,13,26
"SBSN",22,12,12,24
"SBSN",23,12,11,23
"SBSN",24,11,11,22
"SBSN",25,14,14,28
"SBSN",26,13,11,24
"SBSN",27,21,21,42
"SBSN",28,20,19,39
"SBSN",29,19,19,38
"SBSN",30,20,20,40
"SBSN",31,18,18,36
"SBSN",32,25,26,51
"SBSN",33,27,27,54
"SBSN",34,26,27,53
"SBSN",35,26,26,52
"SBSN",36,29,29,58
"SBSN",37,32,32,64
"SBSN",38,37,37,74
"SBSN",39,34,33,67
"SBSN",40,32,32,64
"SBSN",41,43,43,86
"SBSN",42,51,52,103
"SBSN",43,43,42,85
"SBSN",44,43,43,86
"SBSN",45,44,46,90
"SBSN",46,38,40,78
"SBSN",47,35,38,73
"SBSN",48,36,37,73
"SBSN",49,50,50,100
"SBSN",50,47,49,96
"SBSN",51,57,58,115
"SBSN",52,48,49,97
"SBSN",53,14,15,29
"SBPF",1,36,37,73
"SBPF",2,40,40,80
"SBPF",3,40,40,80
"SBPF",4,40,40,80
"SBPF",5,40,40,80
"SBPF",6,37,37,74
"SBPF",7,31,31,62
"SBPF",8,26,25,51
"SBPF",9,34,34,68
"SBPF",10,37,37,74
"SBPF",11,33,33,66
"SBPF",12,17,17,34
"SBPF",13,1,1,2
"SBPF",27,2,2,4
"SBPF",28,1,1,2
"SBPF",29,2,2,4
"SBPF",30,2,2,4
"SBPF",31,2,2,4
"SBPF",32,2,2,4
"SBPF",33,2,2,4
"SBPF",34,2,2,4
"SBPF",35,2,2,4
"SBPF",36,3,3,6
"SBPF",37,3,3,6
"SBPF",38,3,3,6
"SBPF",39,3,3,6
"SBPF",40,2,2,4
"SBPF",41,5,5,10
"SBPF",42,5,6,11
"SBPF",43,4,4,8
"SBPF",44,4,4,8
"SBPF",45,6,6,12
"SBPF",46,4,4,8
"SBPF",47,4,4,8
"SBPF",48,5,5,10
"SBPF",49,6,6,12
"SBPF",50,6,6,12
"SBPF",51,7,7,14
"SBPF",52,7,7,14
"SBPF",53,1,1,2
"SBTE",1,94,91,185
"SBTE",2,97,97,194
"SBTE",3,93,94,187
"SBTE",4,98,98,196
"SBTE",5,94,94,188
"SBTE",6,76,79,155
"SBTE",7,84,82,166
"SBTE",8,69,69,138
"SBTE",9,81,83,164
"SBTE",10,81,81,162
"SBTE",11,81,81,162
"SBTE",12,65,66,131
"SBTE",13,12,13,25
"SBTE",14,6,6,12
"SBTE",15,7,7,14
"SBTE",16,4,4,8
"SBTE",17,4,4,8
"SBTE",18,3,3,6
"SBTE",19,5,5,10
"SBTE",20,8,8,16
"SBTE",21,8,8,16
"SBTE",22,9,9,18
"SBTE",23,9,9,18
"SBTE",24,9,9,18
"SBTE",25,15,15,30
"SBTE",26,16,16,32
"SBTE",27,24,24,48
"SBTE",28,21,22,43
"SBTE",29,33,33,66
"SBTE",30,29,29,58
"SBTE",31,29,28,57
"SBTE",32,29,29,58
"SBTE",33,31,30,61
"SBTE",34,33,32,65
"SBTE",35,33,33,66
"SBTE",36,42,41,83
"SBTE",37,42,42,84
"SBTE",38,37,37,74
"SBTE",39,36,36,72
"SBTE",40,43,42,85
"SBTE",41,44,44,88
"SBTE",42,51,51,102
"SBTE",43,47,47,94
"SBTE",44,43,44,87
"SBTE",45,50,51,101
"SBTE",46,55,53,108
"SBTE",47,50,51,101
"SBTE",48,52,49,101
"SBTE",49,61,61,122
"SBTE",50,63,61,124
"SBTE",51,71,69,140
"SBTE",52,69,67,136
"SBTE",53,20,22,42
"SBPB",1,2,2,4
"SBPB",2,1,1,2
"SBPB",3,1,1,2
"SBPB",4,1,1,2
"SBPB",5,1,1,2
"SBPB",6,1,1,2
"SBPB",7,1,1,2
"SBPB",8,1,1,2
"SBPB",9,1,1,2
"SBPB",10,1,1,2
"SBPB",11,1,1,2
"SBPB",12,1,1,2
"SBPB",51,1,1,2
"SBPB",52,2,2,4
"SBPB",53,1,1,2
"SBBW",1,3,3,6
"SBBW",2,4,4,8
"SBBW",3,4,4,8
"SBBW",4,4,4,8
"SBBW",5,4,4,8
"SBBW",6,4,4,8
"SBBW",7,3,3,6
"SBBW",8,3,3,6
"SBBW",9,4,4,8
"SBBW",10,4,4,8
"SBBW",11,4,4,8
"SBBW",44,1,1,2
"SBBW",45,7,7,14
"SBBW",46,7,7,14
"SBBW",47,7,7,14
"SBBW",48,7,7,14
"SBBW",49,7,7,14
"SBBW",50,7,7,14
"SBBW",51,7,7,14
"SBBW",52,3,3,6
"SBBW",53,1,1,2
"SBGV",1,5,5,10
"SBGV",2,6,6,12
"SBGV",3,6,6,12
"SBGV",4,6,6,12
"SBGV",5,5,5,10
"SBGV",6,7,7,14
"SBGV",7,7,7,14
"SBGV",8,8,8,16
"SBGV",9,7,7,14
"SBGV",10,7,7,14
"SBGV",11,7,7,14
"SBGV",12,4,4,8
"SBGV",31,2,2,4
"SBGV",32,5,5,10
"SBGV",33,5,5,10
"SBGV",34,5,5,10
"SBGV",35,5,5,10
"SBGV",36,5,5,10
"SBGV",37,5,5,10
"SBGV",38,5,5,10
"SBGV",39,5,5,10
"SBGV",40,6,6,12
"SBGV",41,7,7,14
"SBGV",42,8,8,16
"SBGV",43,8,8,16
"SBGV",44,8,8,16
"SBGV",45,9,9,18
"SBGV",46,10,10,20
"SBGV",47,10,10,20
"SBGV",48,11,11,22
"SBGV",49,16,16,32
"SBGV",50,16,16,32
"SBGV",51,12,11,23
"SBGV",52,8,8,16
"SBGV",53,2,2,4
"SBGL",1,962,958,1920
"SBGL",2,987,985,1972
"SBGL",3,966,963,1929
"SBGL",4,927,907,1834
"SBGL",5,959,943,1902
"SBGL",6,925,928,1853
"SBGL",7,919,921,1840
"SBGL",8,835,835,1670
"SBGL",9,897,896,1793
"SBGL",10,801,793,1594
"SBGL",11,788,779,1567
"SBGL",12,499,487,986
"SBGL",13,108,102,210
"SBGL",14,29,27,56
"SBGL",15,29,29,58
"SBGL",16,34,32,66
"SBGL",17,32,33,65
"SBGL",18,27,28,55
"SBGL",19,36,38,74
"SBGL",20,35,36,71
"SBGL",21,41,46,87
"SBGL",22,47,51,98
"SBGL",23,53,60,113
"SBGL",24,70,78,148
"SBGL",25,77,85,162
"SBGL",26,86,96,182
"SBGL",27,99,106,205
"SBGL",28,117,121,238
"SBGL",29,127,132,259
"SBGL",30,121,125,246
"SBGL",31,144,148,292
"SBGL",32,165,167,332
"SBGL",33,179,180,359
"SBGL",34,184,186,370
"SBGL",35,183,199,382
"SBGL",36,185,195,380
"SBGL",37,182,186,368
"SBGL",38,195,196,391
"SBGL",39,182,187,369
"SBGL",40,210,217,427
"SBGL",41,255,260,515
"SBGL",42,274,270,544
"SBGL",43,239,243,482
"SBGL",44,257,265,522
"SBGL",45,228,231,459
"SBGL",46,216,221,437
"SBGL",47,237,236,473
"SBGL",48,225,223,448
"SBGL",49,249,251,500
"SBGL",50,250,259,509
"SBGL",51,314,312,626
"SBGL",52,321,318,639
"SBGL",53,89,83,172
"SBPJ",1,50,50,100
"SBPJ",2,51,51,102
"SBPJ",3,52,52,104
"SBPJ",4,51,51,102
"SBPJ",5,46,46,92
"SBPJ",6,45,46,91
"SBPJ",7,45,44,89
"SBPJ",8,39,39,78
"SBPJ",9,47,46,93
"SBPJ",10,50,50,100
"SBPJ",11,50,49,99
"SBPJ",12,28,30,58
"SBPJ",13,10,10,20
"SBPJ",14,9,9,18
"SBPJ",15,7,7,14
"SBPJ",16,4,4,8
"SBPJ",17,3,4,7
"SBPJ",18,3,4,7
"SBPJ",19,3,7,10
"SBPJ",20,1,5,6
"SBPJ",21,2,5,7
"SBPJ",22,3,7,10
"SBPJ",23,3,6,9
"SBPJ",24,3,4,7
"SBPJ",25,6,9,15
"SBPJ",26,10,9,19
"SBPJ",27,10,15,25
"SBPJ",28,16,18,34
"SBPJ",29,14,16,30
"SBPJ",30,13,16,29
"SBPJ",31,12,14,26
"SBPJ",32,16,18,34
"SBPJ",33,16,16,32
"SBPJ",34,16,16,32
"SBPJ",35,17,17,34
"SBPJ",36,19,18,37
"SBPJ",37,22,22,44
"SBPJ",38,20,20,40
"SBPJ",39,19,19,38
"SBPJ",40,19,18,37
"SBPJ",41,19,18,37
"SBPJ",42,24,24,48
"SBPJ",43,23,24,47
"SBPJ",44,20,20,40
"SBPJ",45,23,24,47
"SBPJ",46,20,21,41
"SBPJ",47,24,24,48
"SBPJ",48,22,21,43
"SBPJ",49,27,27,54
"SBPJ",50,24,26,50
"SBPJ",51,29,29,58
"SBPJ",52,28,28,56
"SBPJ",53,6,8,14
"SBRB",1,35,33,68
"SBRB",2,36,36,72
"SBRB",3,37,37,74
"SBRB",4,35,36,71
"SBRB",5,35,36,71
"SBRB",6,35,35,70
"SBRB",7,38,37,75
"SBRB",8,32,32,64
"SBRB",9,34,35,69
"SBRB",10,34,34,68
"SBRB",11,35,34,69
"SBRB",12,25,28,53
"SBRB",13,10,6,16
"SBRB",14,2,4,6
"SBRB",15,2,2,4
"SBRB",16,2,2,4
"SBRB",17,2,2,4
"SBRB",18,1,2,3
"SBRB",19,3,3,6
"SBRB",20,3,3,6
"SBRB",21,3,3,6
"SBRB",22,3,3,6
"SBRB",23,2,2,4
"SBRB",24,4,4,8
"SBRB",25,4,4,8
"SBRB",26,3,3,6
"SBRB",27,8,8,16
"SBRB",28,9,9,18
"SBRB",29,9,9,18
"SBRB",30,9,9,18
"SBRB",31,8,8,16
"SBRB",32,10,10,20
"SBRB",33,13,13,26
"SBRB",34,18,18,36
"SBRB",35,16,16,32
"SBRB",36,18,18,36
"SBRB",37,20,20,40
"SBRB",38,18,18,36
"SBRB",39,18,18,36
"SBRB",40,18,18,36
"SBRB",41,18,18,36
"SBRB",42,19,19,38
"SBRB",43,22,22,44
"SBRB",44,21,21,42
"SBRB",45,22,21,43
"SBRB",46,23,22,45
"SBRB",47,24,24,48
"SBRB",48,24,24,48
"SBRB",49,27,27,54
"SBRB",50,25,25,50
"SBRB",51,29,29,58
"SBRB",52,28,28,56
"SBRB",53,8,8,16
"SBAU",1,29,27,56
"SBAU",2,30,30,60
"SBAU",3,29,29,58
"SBAU",4,29,30,59
"SBAU",5,30,30,60
"SBAU",6,31,31,62
"SBAU",7,31,31,62
"SBAU",8,24,24,48
"SBAU",9,29,29,58
"SBAU",10,32,31,63
"SBAU",11,30,30,60
"SBAU",12,12,15,27
"SBAU",19,5,4,9
"SBAU",20,14,14,28
"SBAU",21,10,11,21
"SBAU",22,8,11,19
"SBAU",23,12,13,25
"SBAU",24,2,3,5
"SBAU",25,5,5,10
"SBAU",26,6,6,12
"SBAU",27,5,4,9
"SBAU",28,6,6,12
"SBAU",29,11,11,22
"SBAU",30,11,11,22
"SBAU",31,10,10,20
"SBAU",32,10,11,21
"SBAU",33,11,10,21
"SBAU",34,10,10,20
"SBAU",35,9,9,18
"SBAU",36,9,9,18
"SBAU",37,9,9,18
"SBAU",38,9,9,18
"SBAU",39,9,9,18
"SBAU",40,9,9,18
"SBAU",41,9,9,18
"SBAU",42,10,10,20
"SBAU",43,9,9,18
"SBAU",44,12,11,23
"SBAU",45,17,17,34
"SBAU",46,16,16,32
"SBAU",47,16,16,32
"SBAU",48,16,16,32
"SBAU",49,16,16,32
"SBAU",50,16,16,32
"SBAU",51,17,17,34
"SBAU",52,17,17,34
"SBAU",53,5,6,11
"SBJU",1,51,50,101
"SBJU",2,50,50,100
"SBJU",3,52,52,104
"SBJU",4,52,54,106
"SBJU",5,49,54,103
"SBJU",6,45,50,95
"SBJU",7,46,51,97
"SBJU",8,36,41,77
"SBJU",9,45,45,90
"SBJU",10,44,44,88
"SBJU",11,46,46,92
"SBJU",12,34,37,71
"SBJU",13,4,3,7
"SBJU",14,2,2,4
"SBJU",15,2,2,4
"SBJU",16,3,3,6
"SBJU",17,4,4,8
"SBJU",18,3,3,6
"SBJU",19,4,4,8
"SBJU",20,4,4,8
"SBJU",21,4,4,8
"SBJU",22,4,4,8
"SBJU",23,4,4,8
"SBJU",24,7,7,14
"SBJU",25,11,11,22
"SBJU",26,11,10,21
"SBJU",27,13,13,26
"SBJU",28,13,12,25
"SBJU",29,13,13,26
"SBJU",30,13,13,26
"SBJU",31,13,13,26
"SBJU",32,13,13,26
"SBJU",33,13,13,26
"SBJU",34,13,13,26
"SBJU",35,13,12,25
"SBJU",36,13,13,26
"SBJU",37,13,13,26
"SBJU",38,13,14,27
"SBJU",39,12,12,24
"SBJU",40,26,26,52
"SBJU",41,27,26,53
"SBJU",42,29,30,59
"SBJU",43,28,28,56
"SBJU",44,27,25,52
"SBJU",45,30,29,59
"SBJU",46,28,28,56
"SBJU",47,26,26,52
"SBJU",48,26,26,52
"SBJU",49,29,29,58
"SBJU",50,31,30,61
"SBJU",51,31,32,63
"SBJU",52,34,33,67
"SBJU",53,8,11,19
"SBVC",1,53,52,105
"SBVC",2,51,51,102
"SBVC",3,52,52,104
"SBVC",4,50,52,102
"SBVC",5,50,51,101
"SBVC",6,51,50,101
"SBVC",7,48,49,97
"SBVC",8,35,35,70
"SBVC",9,44,43,87
"SBVC",10,49,49,98
"SBVC",11,48,49,97
"SBVC",12,34,33,67
"SBVC",13,2,3,5
"SBVC",16,2,2,4
"SBVC",17,1,1,2
"SBVC",18,1,1,2
"SBVC",22,1,1,2
"SBVC",23,1,1,2
"SBVC",24,2,2,4
"SBVC",25,2,2,4
"SBVC",27,7,7,14
"SBVC",28,7,7,14
"SBVC",29,7,6,13
"SBVC",30,6,6,12
"SBVC",31,9,8,17
"SBVC",32,18,13,31
"SBVC",33,17,13,30
"SBVC",34,17,14,31
"SBVC",35,17,17,34
"SBVC",36,19,19,38
"SBVC",37,22,22,44
"SBVC",38,26,25,51
"SBVC",39,25,25,50
"SBVC",40,20,20,40
"SBVC",41,21,22,43
"SBVC",42,27,27,54
"SBVC",43,24,24,48
"SBVC",44,23,22,45
"SBVC",45,30,30,60
"SBVC",46,31,31,62
"SBVC",47,30,30,60
"SBVC",48,29,29,58
"SBVC",49,26,26,52
"SBVC",50,33,33,66
"SBVC",51,33,33,66
"SBVC",52,29,30,59
"SBVC",53,9,9,18
"SBCB",1,25,25,50
"SBCB",2,25,25,50
"SBCB",3,26,26,52
"SBCB",4,22,22,44
"SBCB",5,18,18,36
"SBCB",6,10,10,20
"SBCB",7,9,9,18
"SBCB",8,16,16,32
"SBCB",9,17,17,34
"SBCB",10,7,7,14
"SBCB",11,7,8,15
"SBCB",12,2,2,4
"SBCB",13,1,1,2
"SBCB",14,1,1,2
"SBCB",15,1,1,2
"SBCB",16,1,1,2
"SBCB",17,2,2,4
"SBCB",18,1,1,2
"SBCB",19,1,1,2
"SBCB",20,1,1,2
"SBCB",21,1,1,2
"SBCB",22,0,1,1
"SBCB",23,2,2,4
"SBCB",24,1,1,2
"SBCB",26,1,2,3
"SBCB",27,1,1,2
"SBCB",29,1,1,2
"SBCB",30,2,1,3
"SBCB",32,1,1,2
"SBCB",34,1,1,2
"SBCB",36,1,1,2
"SBCB",38,1,1,2
"SBCB",42,2,2,4
"SBCB",43,1,1,2
"SBCB",45,2,2,4
"SBCB",46,1,1,2
"SBCB",47,1,1,2
"SBCB",49,1,1,2
"SBCB",50,5,5,10
"SBCB",51,19,19,38
"SBCB",52,17,17,34
"SBCB",53,4,4,8
"SBSG",1,209,207,416
"SBSG",2,218,216,434
"SBSG",3,213,213,426
"SBSG",4,211,216,427
"SBSG",5,197,201,398
"SBSG",6,190,187,377
"SBSG",7,177,178,355
"SBSG",8,157,154,311
"SBSG",9,185,189,374
"SBSG",10,164,164,328
"SBSG",11,168,169,337
"SBSG",12,115,120,235
"SBSG",13,22,23,45
"SBSG",14,16,15,31
"SBSG",15,15,14,29
"SBSG",16,14,14,28
"SBSG",17,15,16,31
"SBSG",18,12,12,24
"SBSG",19,12,12,24
"SBSG",20,14,13,27
"SBSG",21,14,14,28
"SBSG",22,15,14,29
"SBSG",23,16,16,32
"SBSG",24,20,20,40
"SBSG",25,23,23,46
"SBSG",26,25,25,50
"SBSG",27,30,30,60
"SBSG",28,30,30,60
"SBSG",29,33,33,66
"SBSG",30,29,29,58
"SBSG",31,30,30,60
"SBSG",32,32,32,64
"SBSG",33,40,38,78
"SBSG",34,46,45,91
"SBSG",35,52,50,102
"SBSG",36,62,62,124
"SBSG",37,58,59,117
"SBSG",38,62,62,124
"SBSG",39,63,63,126
"SBSG",40,72,73,145
"SBSG",41,93,88,181
"SBSG",42,93,93,186
"SBSG",43,90,91,181
"SBSG",44,93,88,181
"SBSG",45,102,105,207
"SBSG",46,105,104,209
"SBSG",47,104,106,210
"SBSG",48,99,98,197
"SBSG",49,109,108,217
"SBSG",50,122,119,241
"SBSG",51,156,156,312
"SBSG",52,160,160,320
"SBSG",53,39,42,81
"SBIP",1,18,17,35
"SBIP",2,25,25,50
"SBIP",3,25,25,50
"SBIP",4,26,26,52
"SBIP",5,27,27,54
"SBIP",6,30,30,60
"SBIP",7,32,32,64
"SBIP",8,23,23,46
"SBIP",9,27,28,55
"SBIP",10,30,29,59
"SBIP",11,26,26,52
"SBIP",12,7,8,15
"SBSO",1,3,3,6
"SBSO",2,4,4,8
"SBSO",3,4,4,8
"SBSO",4,4,4,8
"SBSO",5,5,5,10
"SBSO",6,6,6,12
"SBSO",7,6,6,12
"SBSO",8,3,3,6
"SBSO",9,6,6,12
"SBSO",10,6,6,12
"SBSO",11,5,5,10
"SBSO",12,3,2,5
"SBSO",36,1,1,2
"SBSO",37,3,3,6
"SBSO",38,4,4,8
"SBSO",39,4,4,8
"SBSO",40,8,8,16
"SBSO",41,7,7,14
"SBSO",42,9,8,17
"SBSO",43,9,9,18
"SBSO",44,8,8,16
"SBSO",45,8,8,16
"SBSO",46,6,6,12
"SBSO",47,5,5,10
"SBSO",48,6,6,12
"SBSO",49,6,6,12
"SBSO",50,6,6,12
"SBSO",51,6,6,12
"SBSO",52,5,5,10
"SBSO",53,2,2,4
"SBCA",1,35,35,70
"SBCA",2,39,39,78
"SBCA",3,40,40,80
"SBCA",4,41,41,82
"SBCA",5,45,44,89
"SBCA",6,45,45,90
"SBCA",7,43,43,86
"SBCA",8,30,30,60
"SBCA",9,37,37,74
"SBCA",10,45,46,91
"SBCA",11,44,44,88
"SBCA",12,19,21,40
"SBCA",13,1,1,2
"SBCA",27,3,3,6
"SBCA",28,3,3,6
"SBCA",29,3,3,6
"SBCA",30,3,2,5
"SBCA",31,3,4,7
"SBCA",32,3,3,6
"SBCA",33,2,3,5
"SBCA",34,3,3,6
"SBCA",35,3,3,6
"SBCA",36,3,3,6
"SBCA",37,5,5,10
"SBCA",38,8,8,16
"SBCA",39,8,8,16
"SBCA",40,10,10,20
"SBCA",41,11,11,22
"SBCA",42,12,12,24
"SBCA",43,12,12,24
"SBCA",44,12,12,24
"SBCA",45,16,17,33
"SBCA",46,18,18,36
"SBCA",47,18,18,36
"SBCA",48,17,17,34
"SBCA",49,21,21,42
"SBCA",50,25,25,50
"SBCA",51,23,22,45
"SBCA",52,20,20,40
"SBCA",53,6,6,12
"SBGO",1,270,266,536
"SBGO",2,280,280,560
"SBGO",3,276,276,552
"SBGO",4,275,274,549
"SBGO",5,265,266,531
"SBGO",6,266,267,533
"SBGO",7,258,262,520
"SBGO",8,225,228,453
"SBGO",9,245,246,491
"SBGO",10,255,259,514
"SBGO",11,245,250,495
"SBGO",12,130,137,267
"SBGO",13,35,35,70
"SBGO",14,27,28,55
"SBGO",15,21,21,42
"SBGO",16,20,20,40
"SBGO",17,21,20,41
"SBGO",18,18,16,34
"SBGO",19,26,21,47
"SBGO",20,25,24,49
"SBGO",21,24,25,49
"SBGO",22,26,25,51
"SBGO",23,28,28,56
"SBGO",24,38,36,74
"SBGO",25,45,44,89
"SBGO",26,48,48,96
"SBGO",27,45,50,95
"SBGO",28,45,51,96
"SBGO",29,56,59,115
"SBGO",30,54,58,112
"SBGO",31,56,59,115
"SBGO",32,64,62,126
"SBGO",33,70,69,139
"SBGO",34,78,76,154
"SBGO",35,80,79,159
"SBGO",36,91,92,183
"SBGO",37,97,98,195
"SBGO",38,87,88,175
"SBGO",39,84,84,168
"SBGO",40,101,101,202
"SBGO",41,106,105,211
"SBGO",42,120,117,237
"SBGO",43,121,115,236
"SBGO",44,115,113,228
"SBGO",45,153,154,307
"SBGO",46,151,150,301
"SBGO",47,150,152,302
"SBGO",48,161,164,325
"SBGO",49,175,179,354
"SBGO",50,183,183,366
"SBGO",51,190,193,383
"SBGO",52,174,171,345
"SBGO",53,48,50,98
"SBDN",1,29,29,58
"SBDN",2,33,33,66
"SBDN",3,32,32,64
"SBDN",4,33,33,66
"SBDN",5,34,33,67
"SBDN",6,28,28,56
"SBDN",7,29,28,57
"SBDN",8,21,21,42
"SBDN",9,26,25,51
"SBDN",10,34,34,68
"SBDN",11,34,34,68
"SBDN",12,17,19,36
"SBDN",31,2,1,3
"SBDN",32,6,6,12
"SBDN",33,6,6,12
"SBDN",34,6,6,12
"SBDN",35,6,7,13
"SBDN",36,8,8,16
"SBDN",37,9,9,18
"SBDN",38,10,10,20
"SBDN",39,10,10,20
"SBDN",40,13,13,26
"SBDN",41,14,13,27
"SBDN",42,16,17,33
"SBDN",43,16,16,32
"SBDN",44,21,19,40
"SBDN",45,29,29,58
"SBDN",46,28,29,57
"SBDN",47,29,28,57
"SBDN",48,29,28,57
"SBDN",49,28,28,56
"SBDN",50,30,30,60
"SBDN",51,24,24,48
"SBDN",52,22,21,43
"SBDN",53,5,7,12
"SBBR",1,1216,1235,2451
"SBBR",2,1275,1278,2553
"SBBR",3,1265,1264,2529
"SBBR",4,1255,1243,2498
"SBBR",5,1228,1230,2458
"SBBR",6,1214,1213,2427
"SBBR",7,1220,1216,2436
"SBBR",8,1050,1049,2099
"SBBR",9,1186,1189,2375
"SBBR",10,1214,1211,2425
"SBBR",11,1193,1190,2383
"SBBR",12,707,702,1409
"SBBR",13,174,166,340
"SBBR",14,87,84,171
"SBBR",15,66,64,130
"SBBR",16,56,53,109
"SBBR",17,55,54,109
"SBBR",18,59,58,117
"SBBR",19,78,80,158
"SBBR",20,76,75,151
"SBBR",21,81,86,167
"SBBR",22,94,92,186
"SBBR",23,110,109,219
"SBBR",24,136,132,268
"SBBR",25,153,156,309
"SBBR",26,162,161,323
"SBBR",27,256,252,508
"SBBR",28,264,261,525
"SBBR",29,290,287,577
"SBBR",30,299,299,598
"SBBR",31,338,326,664
"SBBR",32,364,358,722
"SBBR",33,424,425,849
"SBBR",34,461,458,919
"SBBR",35,480,483,963
"SBBR",36,575,580,1155
"SBBR",37,599,594,1193
"SBBR",38,582,581,1163
"SBBR",39,578,578,1156
"SBBR",40,657,647,1304
"SBBR",41,702,714,1416
"SBBR",42,747,741,1488
"SBBR",43,711,706,1417
"SBBR",44,666,666,1332
"SBBR",45,740,732,1472
"SBBR",46,722,718,1440
"SBBR",47,724,724,1448
"SBBR",48,733,740,1473
"SBBR",49,822,818,1640
"SBBR",50,821,813,1634
"SBBR",51,881,857,1738
"SBBR",52,824,823,1647
"SBBR",53,234,220,454
"SBIH",1,4,4,8
"SBIH",2,6,6,12
"SBIH",3,8,8,16
"SBIH",4,8,8,16
"SBIH",5,8,8,16
"SBIH",6,6,6,12
"SBIH",7,4,3,7
"SBIH",8,6,4,10
"SBIH",9,2,2,4
"SBIH",10,3,3,6
"SBIH",11,3,3,6
"SBIH",20,1,1,2
"SBIH",21,3,3,6
"SBIH",22,3,3,6
"SBIH",23,3,3,6
"SBIH",24,2,3,5
"SBIH",25,3,3,6
"SBIH",26,2,3,5
"SBIH",27,5,5,10
"SBIH",28,4,5,9
"SBIH",29,5,5,10
"SBIH",30,6,6,12
"SBIH",31,4,4,8
"SBIH",32,3,3,6
"SBIH",33,3,3,6
"SBIH",34,3,3,6
"SBIH",35,3,3,6
"SBIH",36,6,6,12
"SBIH",37,7,7,14
"SBIH",38,4,4,8
"SBIH",39,4,4,8
"SBIH",40,5,5,10
"SBIH",41,7,7,14
"SBIH",42,7,7,14
"SBIH",43,7,7,14
"SBIH",44,5,5,10
"SBIH",45,6,6,12
"SBIH",46,6,6,12
"SBIH",47,7,7,14
"SBIH",48,4,4,8
"SBIH",49,5,5,10
"SBIH",50,5,5,10
"SBIH",51,6,6,12
"SBIH",52,5,5,10
"SBIH",53,2,2,4
"SBSI",1,22,22,44
"SBSI",2,26,26,52
"SBSI",3,26,26,52
"SBSI",4,26,26,52
"SBSI",5,26,26,52
"SBSI",6,25,25,50
"SBSI",7,27,27,54
"SBSI",8,21,21,42
"SBSI",9,26,26,52
"SBSI",10,27,27,54
"SBSI",11,26,26,52
"SBSI",12,12,12,24
"SBSI",27,8,8,16
"SBSI",28,5,5,10
"SBSI",29,9,9,18
"SBSI",30,8,8,16
"SBSI",31,9,9,18
"SBSI",32,12,12,24
"SBSI",33,13,13,26
"SBSI",34,13,13,26
"SBSI",35,13,13,26
"SBSI",36,13,13,26
"SBSI",37,16,16,32
"SBSI",38,8,8,16
"SBSI",39,12,12,24
"SBSI",40,15,15,30
"SBSI",41,13,13,26
"SBSI",42,14,14,28
"SBSI",43,15,15,30
"SBSI",44,12,13,25
"SBSI",45,15,15,30
"SBSI",46,15,15,30
"SBSI",47,14,14,28
"SBSI",48,16,16,32
"SBSI",49,18,18,36
"SBSI",50,17,17,34
"SBSI",51,17,17,34
"SBSI",52,15,15,30
"SBSI",53,4,4,8
"SBAE",1,53,52,105
"SBAE",2,57,58,115
"SBAE",3,51,51,102
"SBAE",4,47,47,94
"SBAE",5,44,44,88
"SBAE",6,43,43,86
"SBAE",7,44,45,89
"SBAE",8,36,35,71
"SBAE",9,41,39,80
"SBAE",10,42,43,85
"SBAE",11,34,34,68
"SBAE",12,19,17,36
"SBAE",19,5,5,10
"SBAE",20,12,13,25
"SBAE",21,13,14,27
"SBAE",22,13,13,26
"SBAE",23,15,14,29
"SBAE",24,16,16,32
"SBAE",25,17,18,35
"SBAE",26,20,22,42
"SBAE",27,15,16,31
"SBAE",28,6,6,12
"SBAE",29,6,6,12
"SBAE",30,6,6,12
"SBAE",31,6,6,12
"SBAE",32,6,6,12
"SBAE",33,6,6,12
"SBAE",34,6,6,12
"SBAE",35,6,6,12
"SBAE",36,5,5,10
"SBAE",37,8,7,15
"SBAE",38,11,12,23
"SBAE",39,11,10,21
"SBAE",40,12,12,24
"SBAE",41,10,10,20
"SBAE",42,12,12,24
"SBAE",43,12,12,24
"SBAE",44,10,11,21
"SBAE",45,14,13,27
"SBAE",46,14,15,29
"SBAE",47,12,12,24
"SBAE",48,17,16,33
"SBAE",49,11,11,22
"SBAE",50,11,12,23
"SBAE",51,11,12,23
"SBAE",52,9,10,19
"SBAE",53,3,3,6
"SBRF",1,759,765,1524
"SBRF",2,806,803,1609
"SBRF",3,802,805,1607
"SBRF",4,792,798,1590
"SBRF",5,772,774,1546
"SBRF",6,738,739,1477
"SBRF",7,732,732,1464
"SBRF",8,671,668,1339
"SBRF",9,709,712,1421
"SBRF",10,711,707,1418
"SBRF",11,699,700,1399
"SBRF",12,450,453,903
"SBRF",13,89,95,184
"SBRF",14,57,57,114
"SBRF",15,59,61,120
"SBRF",16,67,66,133
"SBRF",17,62,63,125
"SBRF",18,61,64,125
"SBRF",19,80,79,159
"SBRF",20,81,79,160
"SBRF",21,76,75,151
"SBRF",22,89,88,177
"SBRF",23,104,105,209
"SBRF",24,108,111,219
"SBRF",25,151,154,305
"SBRF",26,163,163,326
"SBRF",27,169,165,334
"SBRF",28,198,198,396
"SBRF",29,224,223,447
"SBRF",30,215,213,428
"SBRF",31,220,213,433
"SBRF",32,236,242,478
"SBRF",33,243,242,485
"SBRF",34,240,243,483
"SBRF",35,247,247,494
"SBRF",36,299,298,597
"SBRF",37,293,296,589
"SBRF",38,280,278,558
"SBRF",39,282,280,562
"SBRF",40,361,355,716
"SBRF",41,427,423,850
"SBRF",42,457,457,914
"SBRF",43,445,446,891
"SBRF",44,429,432,861
"SBRF",45,479,480,959
"SBRF",46,524,521,1045
"SBRF",47,524,519,1043
"SBRF",48,529,520,1049
"SBRF",49,558,561,1119
"SBRF",50,607,604,1211
"SBRF",51,662,659,1321
"SBRF",52,594,586,1180
"SBRF",53,167,168,335
"SBBU",29,1,1,2
"SBBU",33,1,1,2
"SBBU",40,2,1,3
"SBBU",42,2,1,3
"SBBU",43,1,1,2
"SBBU",48,2,2,4
"SBBU",50,1,1,2
"SBKP",1,975,987,1962
"SBKP",2,1092,1098,2190
"SBKP",3,1108,1099,2207
"SBKP",4,1085,1086,2171
"SBKP",5,1124,1121,2245
"SBKP",6,1139,1136,2275
"SBKP",7,1137,1132,2269
"SBKP",8,933,931,1864
"SBKP",9,1030,1030,2060
"SBKP",10,1093,1088,2181
"SBKP",11,1015,1005,2020
"SBKP",12,577,543,1120
"SBKP",13,238,249,487
"SBKP",14,198,192,390
"SBKP",15,210,199,409
"SBKP",16,209,199,408
"SBKP",17,227,211,438
"SBKP",18,224,226,450
"SBKP",19,289,264,553
"SBKP",20,322,320,642
"SBKP",21,326,300,626
"SBKP",22,323,316,639
"SBKP",23,343,302,645
"SBKP",24,359,345,704
"SBKP",25,387,371,758
"SBKP",26,433,432,865
"SBKP",27,405,407,812
"SBKP",28,439,426,865
"SBKP",29,482,481,963
"SBKP",30,492,478,970
"SBKP",31,488,489,977
"SBKP",32,540,538,1078
"SBKP",33,541,542,1083
"SBKP",34,570,563,1133
"SBKP",35,567,570,1137
"SBKP",36,572,565,1137
"SBKP",37,628,633,1261
"SBKP",38,676,661,1337
"SBKP",39,671,669,1340
"SBKP",40,711,735,1446
"SBKP",41,684,680,1364
"SBKP",42,799,798,1597
"SBKP",43,805,809,1614
"SBKP",44,798,800,1598
"SBKP",45,918,928,1846
"SBKP",46,923,929,1852
"SBKP",47,908,913,1821
"SBKP",48,912,927,1839
"SBKP",49,924,930,1854
"SBKP",50,961,966,1927
"SBKP",51,968,986,1954
"SBKP",52,785,791,1576
"SBKP",53,237,216,453
"SBUR",1,14,14,28
"SBUR",2,13,13,26
"SBUR",3,12,12,24
"SBUR",4,12,12,24
"SBUR",5,16,15,31
"SBUR",6,20,20,40
"SBUR",7,20,20,40
"SBUR",8,14,15,29
"SBUR",9,20,19,39
"SBUR",10,20,20,40
"SBUR",11,17,17,34
"SBUR",12,4,7,11
"SBPG",1,4,4,8
"SBPG",2,6,6,12
"SBPG",3,3,3,6
"SBPG",4,15,15,30
"SBPG",5,15,15,30
"SBPG",6,17,17,34
"SBPG",7,17,17,34
"SBPG",8,15,15,30
"SBPG",9,16,16,32
"SBPG",10,16,16,32
"SBPG",11,13,13,26
"SBPG",12,3,3,6
"SBPG",44,2,2,4
"SBPG",45,4,4,8
"SBPG",46,3,3,6
"SBPG",47,3,3,6
"SBPG",48,4,4,8
"SBPG",49,4,4,8
"SBPG",50,4,4,8
"SBPG",51,4,4,8
"SBPG",52,4,4,8
"SBPG",53,2,2,4
"SBTU",49,1,1,2
"SBMG",1,82,82,164
"SBMG",2,85,85,170
"SBMG",3,80,80,160
"SBMG",4,79,80,159
"SBMG",5,81,81,162
"SBMG",6,80,80,160
"SBMG",7,77,78,155
"SBMG",8,63,63,126
"SBMG",9,83,81,164
"SBMG",10,89,90,179
"SBMG",11,85,86,171
"SBMG",12,42,44,86
"SBMG",13,3,4,7
"SBMG",15,1,1,2
"SBMG",16,1,1,2
"SBMG",17,1,1,2
"SBMG",18,1,1,2
"SBMG",19,1,1,2
"SBMG",20,1,1,2
"SBMG",21,2,2,4
"SBMG",22,1,1,2
"SBMG",23,3,3,6
"SBMG",24,2,2,4
"SBMG",25,3,3,6
"SBMG",26,3,3,6
"SBMG",27,4,4,8
"SBMG",28,4,4,8
"SBMG",29,9,9,18
"SBMG",30,8,8,16
"SBMG",31,9,9,18
"SBMG",32,11,11,22
"SBMG",33,11,11,22
"SBMG",34,13,13,26
"SBMG",35,13,13,26
"SBMG",36,14,14,28
"SBMG",37,17,16,33
"SBMG",38,22,23,45
"SBMG",39,22,22,44
"SBMG",40,32,30,62
"SBMG",41,33,30,63
"SBMG",42,45,45,90
"SBMG",43,47,47,94
"SBMG",44,38,39,77
"SBMG",45,48,49,97
"SBMG",46,45,47,92
"SBMG",47,46,44,90
"SBMG",48,37,38,75
"SBMG",51,51,50,101
"SBMG",52,44,43,87
"SBMG",53,12,12,24
"SBPV",1,54,52,106
"SBPV",2,56,56,112
"SBPV",3,55,55,110
"SBPV",4,56,56,112
"SBPV",5,56,57,113
"SBPV",6,58,59,117
"SBPV",7,56,56,112
"SBPV",8,48,47,95
"SBPV",9,53,56,109
"SBPV",10,60,58,118
"SBPV",11,57,57,114
"SBPV",12,47,49,96
"SBPV",13,9,11,20
"SBPV",14,8,8,16
"SBPV",15,8,8,16
"SBPV",16,5,5,10
"SBPV",17,12,12,24
"SBPV",18,11,11,22
"SBPV",19,15,14,29
"SBPV",20,15,15,30
"SBPV",21,15,15,30
"SBPV",22,15,15,30
"SBPV",23,15,13,28
"SBPV",24,13,13,26
"SBPV",25,16,16,32
"SBPV",26,17,17,34
"SBPV",27,26,24,50
"SBPV",28,26,25,51
"SBPV",29,27,27,54
"SBPV",30,31,31,62
"SBPV",31,32,30,62
"SBPV",32,32,33,65
"SBPV",33,40,40,80
"SBPV",34,42,42,84
"SBPV",35,42,42,84
"SBPV",36,46,45,91
"SBPV",37,44,45,89
"SBPV",38,37,38,75
"SBPV",39,37,37,74
"SBPV",40,45,43,88
"SBPV",41,42,41,83
"SBPV",42,47,47,94
"SBPV",43,48,48,96
"SBPV",44,42,42,84
"SBPV",45,45,43,88
"SBPV",46,45,43,88
"SBPV",47,38,38,76
"SBPV",48,42,39,81
"SBPV",49,46,46,92
"SBPV",50,47,44,91
"SBPV",51,55,49,104
"SBPV",52,49,48,97
"SBPV",53,13,14,27
"SBAQ",1,4,4,8
"SBAQ",2,4,4,8
"SBAQ",3,5,5,10
"SBAQ",4,3,3,6
"SBAQ",5,5,5,10
"SBAQ",6,4,4,8
"SBAQ",7,4,5,9
"SBAQ",8,2,2,4
"SBAQ",9,4,4,8
"SBAQ",10,5,5,10
"SBAQ",11,4,4,8
"SBAQ",12,2,2,4
"SBSJ",1,6,5,11
"SBSJ",2,7,7,14
"SBSJ",3,6,6,12
"SBSJ",4,5,5,10
"SBSJ",5,6,5,11
"SBSJ",6,8,8,16
"SBSJ",7,7,8,15
"SBSJ",8,6,6,12
"SBSJ",9,8,9,17
"SBSJ",10,7,7,14
"SBSJ",11,8,8,16
"SBSJ",12,4,5,9
"SBSJ",25,1,0,1
"SBSJ",29,2,0,2
"SBSJ",30,1,0,1
"SBSJ",32,1,3,4
"SBSJ",33,2,1,3
"SBSJ",34,1,0,1
"SBSJ",37,0,2,2
"SBSJ",38,3,3,6
"SBSJ",40,1,0,1
"SBSJ",41,2,0,2
"SBSJ",43,2,1,3
"SBSJ",45,1,1,2
"SBSJ",52,3,2,5
"SBCP",1,4,4,8
"SBCP",2,5,5,10
"SBCP",3,5,5,10
"SBCP",4,5,5,10
"SBCP",5,7,7,14
"SBCP",6,10,10,20
"SBCP",7,10,10,20
"SBCP",8,7,7,14
"SBCP",9,10,10,20
"SBCP",10,11,11,22
"SBCP",11,8,8,16
"SBCP",12,6,6,12
"SBCP",46,8,8,16
"SBCP",47,8,8,16
"SBCP",48,8,8,16
"SBCP",49,10,10,20
"SBCP",50,9,9,18
"SBCP",51,10,9,19
"SBCP",52,6,6,12
"SBCP",53,2,2,4
"SBUA",2,3,3,6
"SBUA",3,3,3,6
"SBUA",4,3,3,6
"SBUA",5,3,3,6
"SBUA",6,3,3,6
"SBUA",7,3,3,6
"SBUA",8,3,3,6
"SBUA",9,2,2,4
"SBUA",10,3,3,6
"SBUA",11,2,2,4
"SBUA",12,1,1,2
"SBUA",27,0,1,1
"SBUA",28,2,2,4
"SBUA",29,2,2,4
"SBUA",30,2,2,4
"SBUA",31,1,1,2
"SBUA",36,2,2,4
"SBUA",37,2,2,4
"SBUA",38,1,1,2
"SBUA",40,2,2,4
"SBUA",41,3,3,6
"SBUA",42,3,3,6
"SBUA",43,3,3,6
"SBUA",44,3,3,6
"SBUA",45,3,3,6
"SBUA",47,2,2,4
"SBUA",48,1,1,2
"SBPS",1,235,232,467
"SBPS",2,224,225,449
"SBPS",3,218,218,436
"SBPS",4,205,208,413
"SBPS",5,185,186,371
"SBPS",6,141,141,282
"SBPS",7,140,140,280
"SBPS",8,163,158,321
"SBPS",9,154,158,312
"SBPS",10,130,131,261
"SBPS",11,131,128,259
"SBPS",12,117,108,225
"SBPS",13,15,16,31
"SBPS",14,4,4,8
"SBPS",15,3,3,6
"SBPS",24,4,4,8
"SBPS",25,4,4,8
"SBPS",26,6,6,12
"SBPS",27,10,10,20
"SBPS",28,9,9,18
"SBPS",29,11,12,23
"SBPS",30,15,15,30
"SBPS",31,15,15,30
"SBPS",32,16,17,33
"SBPS",33,18,18,36
"SBPS",34,18,18,36
"SBPS",35,19,19,38
"SBPS",36,28,29,57
"SBPS",37,25,24,49
"SBPS",38,32,32,64
"SBPS",39,32,32,64
"SBPS",40,32,33,65
"SBPS",41,50,49,99
"SBPS",42,50,51,101
"SBPS",43,44,42,86
"SBPS",44,49,50,99
"SBPS",45,69,71,140
"SBPS",46,70,69,139
"SBPS",47,73,74,147
"SBPS",48,74,73,147
"SBPS",49,75,75,150
"SBPS",50,90,90,180
"SBPS",51,138,135,273
"SBPS",52,170,167,337
"SBPS",53,35,42,77
"SBSL",1,128,124,252
"SBSL",2,139,139,278
"SBSL",3,134,137,271
"SBSL",4,131,136,267
"SBSL",5,124,126,250
"SBSL",6,117,116,233
"SBSL",7,118,118,236
"SBSL",8,99,99,198
"SBSL",9,116,114,230
"SBSL",10,117,117,234
"SBSL",11,118,118,236
"SBSL",12,83,83,166
"SBSL",13,19,23,42
"SBSL",14,16,16,32
"SBSL",15,16,15,31
"SBSL",16,14,13,27
"SBSL",17,15,15,30
"SBSL",18,10,11,21
"SBSL",19,10,10,20
"SBSL",20,11,11,22
"SBSL",21,15,13,28
"SBSL",22,17,16,33
"SBSL",23,19,19,38
"SBSL",24,13,13,26
"SBSL",25,21,21,42
"SBSL",26,23,23,46
"SBSL",27,35,35,70
"SBSL",28,38,38,76
"SBSL",29,41,41,82
"SBSL",30,38,37,75
"SBSL",31,41,40,81
"SBSL",32,39,39,78
"SBSL",33,39,39,78
"SBSL",34,41,41,82
"SBSL",35,41,40,81
"SBSL",36,43,41,84
"SBSL",37,56,55,111
"SBSL",38,57,58,115
"SBSL",39,57,57,114
"SBSL",40,61,59,120
"SBSL",41,58,57,115
"SBSL",42,65,64,129
"SBSL",43,64,62,126
"SBSL",44,60,59,119
"SBSL",45,76,73,149
"SBSL",46,73,73,146
"SBSL",47,77,75,152
"SBSL",48,78,75,153
"SBSL",49,102,98,200
"SBSL",50,104,101,205
"SBSL",51,101,100,201
"SBSL",52,91,90,181
"SBSL",53,26,26,52
"SBCN",1,14,14,28
"SBCN",2,13,13,26
"SBCN",3,13,13,26
"SBCN",4,13,13,26
"SBCN",5,11,11,22
"SBCN",6,10,10,20
"SBCN",7,10,10,20
"SBCN",8,8,8,16
"SBCN",9,12,12,24
"SBCN",10,12,12,24
"SBCN",11,12,12,24
"SBCN",12,9,9,18
"SBCN",13,1,1,2
"SBCN",51,4,4,8
"SBCN",52,5,5,10
"SBCN",53,2,2,4
"SBMQ",1,46,46,92
"SBMQ",2,51,50,101
"SBMQ",3,50,50,100
"SBMQ",4,50,51,101
"SBMQ",5,51,51,102
"SBMQ",6,44,44,88
"SBMQ",7,45,45,90
"SBMQ",8,31,31,62
"SBMQ",9,43,43,86
"SBMQ",10,45,45,90
"SBMQ",11,42,42,84
"SBMQ",12,29,30,59
"SBMQ",13,8,8,16
"SBMQ",14,2,2,4
"SBMQ",15,2,2,4
"SBMQ",16,5,5,10
"SBMQ",17,19,19,38
"SBMQ",18,18,20,38
"SBMQ",19,10,10,20
"SBMQ",20,8,8,16
"SBMQ",21,9,9,18
"SBMQ",22,10,10,20
"SBMQ",23,10,10,20
"SBMQ",24,10,10,20
"SBMQ",25,10,10,20
"SBMQ",26,12,12,24
"SBMQ",27,14,14,28
"SBMQ",28,13,13,26
"SBMQ",29,16,16,32
"SBMQ",30,15,15,30
"SBMQ",31,19,17,36
"SBMQ",32,17,17,34
"SBMQ",33,19,19,38
"SBMQ",34,20,20,40
"SBMQ",35,24,24,48
"SBMQ",36,27,27,54
"SBMQ",37,29,29,58
"SBMQ",38,34,34,68
"SBMQ",39,30,30,60
"SBMQ",40,31,31,62
"SBMQ",41,28,30,58
"SBMQ",42,35,37,72
"SBMQ",43,31,34,65
"SBMQ",44,26,27,53
"SBMQ",45,30,31,61
"SBMQ",46,28,28,56
"SBMQ",47,30,32,62
"SBMQ",48,31,31,62
"SBMQ",49,31,31,62
"SBMQ",50,31,30,61
"SBMQ",51,35,35,70
"SBMQ",52,33,33,66
"SBMQ",53,10,10,20
"SBTT",1,6,6,12
"SBTT",2,7,7,14
"SBTT",3,7,7,14
"SBTT",4,7,7,14
"SBTT",5,7,7,14
"SBTT",6,6,6,12
"SBTT",7,6,6,12
"SBTT",8,5,5,10
"SBTT",9,6,6,12
"SBTT",10,7,7,14
"SBTT",11,7,7,14
"SBTT",12,5,5,10
"SBTT",13,3,3,6
"SBTT",14,3,3,6
"SBTT",15,4,4,8
"SBTT",16,1,1,2
"SBTT",27,3,3,6
"SBTT",28,4,4,8
"SBTT",29,4,4,8
"SBTT",30,6,6,12
"SBTT",31,6,6,12
"SBTT",32,5,5,10
"SBTT",33,6,5,11
"SBTT",34,6,6,12
"SBTT",35,6,6,12
"SBTT",36,5,5,10
"SBTT",37,7,7,14
"SBTT",38,7,7,14
"SBTT",39,7,7,14
"SBTT",40,7,7,14
"SBTT",41,5,5,10
"SBTT",42,7,7,14
"SBTT",43,5,5,10
"SBTT",44,6,6,12
"SBTT",45,6,6,12
"SBTT",46,7,7,14
"SBTT",47,6,6,12
"SBTT",48,7,7,14
"SBTT",49,7,7,14
"SBTT",50,7,7,14
"SBTT",51,6,6,12
"SBTT",52,6,6,12
"SBTT",53,2,2,4
"SBBV",1,22,23,45
"SBBV",2,25,24,49
"SBBV",3,24,24,48
"SBBV",4,22,23,45
"SBBV",5,23,23,46
"SBBV",6,24,24,48
"SBBV",7,22,22,44
"SBBV",8,21,21,42
"SBBV",9,24,24,48
"SBBV",10,23,23,46
"SBBV",11,23,23,46
"SBBV",12,18,19,37
"SBBV",13,1,1,2
"SBBV",14,2,2,4
"SBBV",15,2,2,4
"SBBV",16,2,2,4
"SBBV",17,4,4,8
"SBBV",18,5,5,10
"SBBV",19,4,4,8
"SBBV",20,5,5,10
"SBBV",21,5,7,12
"SBBV",22,5,7,12
"SBBV",23,6,6,12
"SBBV",24,4,4,8
"SBBV",25,5,5,10
"SBBV",26,6,7,13
"SBBV",27,9,9,18
"SBBV",28,11,11,22
"SBBV",29,10,10,20
"SBBV",30,7,8,15
"SBBV",31,7,8,15
"SBBV",32,12,12,24
"SBBV",33,12,14,26
"SBBV",34,13,16,29
"SBBV",35,15,17,32
"SBBV",36,17,17,34
"SBBV",37,18,18,36
"SBBV",38,18,21,39
"SBBV",39,17,18,35
"SBBV",40,19,19,38
"SBBV",41,18,18,36
"SBBV",42,21,23,44
"SBBV",43,18,20,38
"SBBV",44,13,14,27
"SBBV",45,16,16,32
"SBBV",46,15,17,32
"SBBV",47,18,18,36
"SBBV",48,17,19,36
"SBBV",49,20,19,39
"SBBV",50,19,21,40
"SBBV",51,19,22,41
"SBBV",52,18,19,37
"SBBV",53,5,5,10
"SBAC",1,3,3,6
"SBAC",2,3,3,6
"SBAC",3,3,3,6
"SBAC",4,3,3,6
"SBAC",5,3,3,6
"SBAC",6,3,3,6
"SBAC",7,4,3,7
"SBAC",8,4,4,8
"SBAC",9,5,5,10
"SBAC",10,5,5,10
"SBAC",11,5,5,10
"SBAC",12,3,3,6
"SBAC",51,2,2,4
"SBAC",52,2,2,4
"SBAC",53,1,1,2
"SBUF",1,3,3,6
"SBUF",2,3,3,6
"SBUF",3,3,3,6
"SBUF",4,3,3,6
"SBUF",5,3,3,6
"SBUF",6,3,3,6
"SBUF",7,3,3,6
"SBUF",8,3,3,6
"SBUF",9,3,3,6
"SBUF",10,3,3,6
"SBUF",11,2,2,4
"SBUF",12,1,1,2
"SBCZ",1,7,7,14
"SBCZ",2,7,7,14
"SBCZ",3,6,6,12
"SBCZ",4,7,7,14
"SBCZ",5,7,7,14
"SBCZ",6,7,7,14
"SBCZ",7,7,7,14
"SBCZ",8,7,7,14
"SBCZ",9,7,7,14
"SBCZ",10,7,7,14
"SBCZ",11,7,7,14
"SBCZ",12,5,5,10
"SBCZ",13,1,2,3
"SBCZ",42,1,1,2
"SBCZ",43,4,4,8
"SBCZ",44,4,4,8
"SBCZ",45,5,5,10
"SBCZ",46,6,6,12
"SBCZ",47,6,6,12
"SBCZ",48,4,4,8
"SBCZ",49,5,5,10
"SBCZ",50,3,3,6
"SBCZ",51,6,6,12
"SBCZ",52,5,5,10
"SBCZ",53,1,1,2
"SBNF",1,163,162,325
"SBNF",2,172,172,344
"SBNF",3,176,177,353
"SBNF",4,170,170,340
"SBNF",5,166,166,332
"SBNF",6,161,161,322
"SBNF",7,154,154,308
"SBNF",8,132,132,264
"SBNF",9,156,156,312
"SBNF",10,156,156,312
"SBNF",11,155,153,308
"SBNF",12,81,81,162
"SBNF",13,6,7,13
"SBNF",14,2,2,4
"SBNF",15,1,1,2
"SBNF",18,2,1,3
"SBNF",19,5,7,12
"SBNF",20,7,7,14
"SBNF",21,8,9,17
"SBNF",22,9,9,18
"SBNF",23,6,9,15
"SBNF",24,17,17,34
"SBNF",25,21,23,44
"SBNF",26,23,24,47
"SBNF",27,33,32,65
"SBNF",28,41,40,81
"SBNF",29,41,43,84
"SBNF",30,41,41,82
"SBNF",31,43,43,86
"SBNF",32,46,46,92
"SBNF",33,44,44,88
"SBNF",34,52,52,104
"SBNF",35,51,52,103
"SBNF",36,52,51,103
"SBNF",37,50,49,99
"SBNF",38,63,60,123
"SBNF",39,60,60,120
"SBNF",40,66,67,133
"SBNF",41,72,71,143
"SBNF",42,78,79,157
"SBNF",43,74,75,149
"SBNF",44,81,81,162
"SBNF",45,104,106,210
"SBNF",46,104,105,209
"SBNF",47,110,110,220
"SBNF",48,105,105,210
"SBNF",49,109,110,219
"SBNF",50,108,108,216
"SBNF",51,123,123,246
"SBNF",52,113,114,227
"SBNF",53,32,33,65
"SBFI",1,200,197,397
"SBFI",2,204,206,410
"SBFI",3,203,202,405
"SBFI",4,194,196,390
"SBFI",5,188,190,378
"SBFI",6,173,173,346
"SBFI",7,176,177,353
"SBFI",8,165,166,331
"SBFI",9,175,173,348
"SBFI",10,167,167,334
"SBFI",11,162,163,325
"SBFI",12,104,104,208
"SBFI",13,14,17,31
"SBFI",14,3,3,6
"SBFI",15,3,3,6
"SBFI",18,2,2,4
"SBFI",19,5,5,10
"SBFI",20,5,5,10
"SBFI",21,6,6,12
"SBFI",22,6,6,12
"SBFI",23,10,10,20
"SBFI",24,7,8,15
"SBFI",25,10,10,20
"SBFI",26,10,10,20
"SBFI",27,15,14,29
"SBFI",28,13,14,27
"SBFI",29,14,14,28
"SBFI",30,12,12,24
"SBFI",31,13,13,26
"SBFI",32,13,13,26
"SBFI",33,13,14,27
"SBFI",34,17,17,34
"SBFI",35,18,17,35
"SBFI",36,21,21,42
"SBFI",37,19,19,38
"SBFI",38,20,20,40
"SBFI",39,20,20,40
"SBFI",40,30,31,61
"SBFI",41,40,38,78
"SBFI",42,46,47,93
"SBFI",43,38,39,77
"SBFI",44,50,48,98
"SBFI",45,59,60,119
"SBFI",46,61,60,121
"SBFI",47,58,59,117
"SBFI",48,57,56,113
"SBFI",49,59,59,118
"SBFI",50,60,61,121
"SBFI",51,80,81,161
"SBFI",52,85,87,172
"SBFI",53,22,26,48
"SBMA",1,24,24,48
"SBMA",2,26,26,52
"SBMA",3,28,28,56
"SBMA",4,24,25,49
"SBMA",5,26,26,52
"SBMA",6,28,28,56
"SBMA",7,28,28,56
"SBMA",8,24,24,48
"SBMA",9,23,23,46
"SBMA",10,29,29,58
"SBMA",11,23,23,46
"SBMA",12,13,14,27
"SBMA",13,2,2,4
"SBMA",14,1,1,2
"SBMA",15,1,1,2
"SBMA",16,2,1,3
"SBMA",17,3,1,4
"SBMA",18,3,3,6
"SBMA",19,7,7,14
"SBMA",20,20,19,39
"SBMA",21,4,4,8
"SBMA",22,4,4,8
"SBMA",23,4,4,8
"SBMA",24,4,4,8
"SBMA",25,5,5,10
"SBMA",26,7,8,15
"SBMA",27,5,5,10
"SBMA",28,5,5,10
"SBMA",29,6,6,12
"SBMA",30,7,7,14
"SBMA",31,6,6,12
"SBMA",32,6,6,12
"SBMA",33,7,7,14
"SBMA",34,11,11,22
"SBMA",35,12,12,24
"SBMA",36,14,13,27
"SBMA",37,16,16,32
"SBMA",38,16,16,32
"SBMA",39,16,16,32
"SBMA",40,18,18,36
"SBMA",41,20,20,40
"SBMA",42,23,23,46
"SBMA",43,25,25,50
"SBMA",44,23,23,46
"SBMA",45,23,23,46
"SBMA",46,22,22,44
"SBMA",47,22,22,44
"SBMA",48,23,23,46
"SBMA",49,22,22,44
"SBMA",50,22,22,44
"SBMA",51,24,24,48
"SBMA",52,22,23,45
"SBMA",53,7,6,13
"SBUG",1,4,4,8
"SBUG",2,5,5,10
"SBUG",3,3,3,6
"SBUG",4,4,4,8
"SBUG",5,4,4,8
"SBUG",6,4,4,8
"SBUG",7,4,4,8
"SBUG",8,4,4,8
"SBUG",9,4,4,8
"SBUG",10,4,4,8
"SBUG",11,4,4,8
"SBUG",12,3,2,5
"SBVG",1,2,2,4
"SBVG",2,2,2,4
"SBVG",3,2,2,4
"SBVG",4,2,2,4
"SBVG",5,2,2,4
"SBVG",6,2,2,4
"SBVG",7,2,2,4
"SBVG",8,3,3,6
"SBVG",9,4,4,8
"SBVG",10,3,3,6
"SBVG",11,2,2,4
"SBVG",12,1,1,2
"SBJI",1,6,6,12
"SBJI",2,6,6,12
"SBJI",3,7,7,14
"SBJI",4,7,7,14
"SBJI",5,7,6,13
"SBJI",6,7,7,14
"SBJI",7,8,8,16
"SBJI",8,4,4,8
"SBJI",9,6,6,12
"SBJI",10,7,7,14
"SBJI",11,7,7,14
"SBJI",12,6,6,12
"SBTF",1,7,7,14
"SBTF",2,7,7,14
"SBTF",3,8,8,16
"SBTF",4,7,7,14
"SBTF",5,7,7,14
"SBTF",6,8,8,16
"SBTF",7,12,12,24
"SBTF",8,8,8,16
"SBTF",9,7,7,14
"SBTF",10,7,7,14
"SBTF",11,5,5,10
"SBTF",12,5,5,10
"SBTF",13,2,2,4
"SBTF",14,3,3,6
"SBTF",15,4,4,8
"SBTF",16,1,1,2
"SBTF",17,2,2,4
"SBTF",18,2,1,3
"SBTF",19,2,2,4
"SBTF",20,3,3,6
"SBTF",21,2,2,4
"SBTF",22,3,3,6
"SBTF",23,3,3,6
"SBTF",24,3,3,6
"SBTF",25,2,2,4
"SBTF",26,3,3,6
"SBTF",27,6,6,12
"SBTF",28,4,4,8
"SBTF",29,4,4,8
"SBTF",30,7,6,13
"SBTF",31,8,8,16
"SBTF",32,5,5,10
"SBTF",33,5,4,9
"SBTF",34,6,6,12
"SBTF",35,8,8,16
"SBTF",36,10,10,20
"SBTF",37,12,12,24
"SBTF",38,7,7,14
"SBTF",39,7,7,14
"SBTF",40,12,12,24
"SBTF",41,9,9,18
"SBTF",42,11,11,22
"SBTF",43,9,9,18
"SBTF",44,9,9,18
"SBTF",45,9,9,18
"SBTF",46,9,9,18
"SBTF",47,11,10,21
"SBTF",48,7,7,14
"SBTF",49,7,8,15
"SBTF",50,8,8,16
"SBTF",51,8,8,16
"SBTF",52,7,7,14
"SBTF",53,3,3,6
"SBRJ",1,1017,1016,2033
"SBRJ",2,1042,1042,2084
"SBRJ",3,1027,1026,2053
"SBRJ",4,1023,1021,2044
"SBRJ",5,1007,1009,2016
"SBRJ",6,984,988,1972
"SBRJ",7,1021,1020,2041
"SBRJ",8,907,908,1815
"SBRJ",9,1020,1015,2035
"SBRJ",10,1045,1048,2093
"SBRJ",11,962,963,1925
"SBRJ",12,402,410,812
"SBRJ",13,71,76,147
"SBRJ",14,55,56,111
"SBRJ",15,49,45,94
"SBRJ",16,36,34,70
"SBRJ",17,38,41,79
"SBRJ",18,40,43,83
"SBRJ",19,51,54,105
"SBRJ",20,47,48,95
"SBRJ",21,60,62,122
"SBRJ",22,72,70,142
"SBRJ",23,76,82,158
"SBRJ",24,101,101,202
"SBRJ",25,125,127,252
"SBRJ",26,128,130,258
"SBRJ",27,159,162,321
"SBRJ",28,163,163,326
"SBRJ",29,175,174,349
"SBRJ",30,185,184,369
"SBRJ",31,206,204,410
"SBRJ",32,226,229,455
"SBRJ",33,248,247,495
"SBRJ",34,242,245,487
"SBRJ",35,272,268,540
"SBRJ",36,370,367,737
"SBRJ",37,359,360,719
"SBRJ",38,350,348,698
"SBRJ",39,353,354,707
"SBRJ",40,420,425,845
"SBRJ",41,465,467,932
"SBRJ",42,493,492,985
"SBRJ",43,480,475,955
"SBRJ",44,430,440,870
"SBRJ",45,515,519,1034
"SBRJ",46,565,562,1127
"SBRJ",47,539,544,1083
"SBRJ",48,582,582,1164
"SBRJ",49,631,632,1263
"SBRJ",50,634,637,1271
"SBRJ",51,669,667,1336
"SBRJ",52,605,609,1214
"SBRJ",53,180,177,357
"SBLO",1,81,83,164
"SBLO",2,91,89,180
"SBLO",3,92,92,184
"SBLO",4,94,94,188
"SBLO",5,87,87,174
"SBLO",6,90,91,181
"SBLO",7,91,91,182
"SBLO",8,73,73,146
"SBLO",9,84,86,170
"SBLO",10,100,99,199
"SBLO",11,94,94,188
"SBLO",12,43,45,88
"SBLO",13,3,3,6
"SBLO",18,2,2,4
"SBLO",19,4,4,8
"SBLO",20,3,3,6
"SBLO",21,4,4,8
"SBLO",22,4,4,8
"SBLO",23,3,3,6
"SBLO",24,4,4,8
"SBLO",25,8,8,16
"SBLO",26,7,7,14
"SBLO",27,8,8,16
"SBLO",28,8,8,16
"SBLO",29,11,11,22
"SBLO",30,11,11,22
"SBLO",31,14,14,28
"SBLO",32,19,19,38
"SBLO",33,14,14,28
"SBLO",34,18,18,36
"SBLO",35,18,18,36
"SBLO",36,18,18,36
"SBLO",37,21,20,41
"SBLO",38,30,31,61
"SBLO",39,29,29,58
"SBLO",40,30,29,59
"SBLO",41,36,37,73
"SBLO",42,44,45,89
"SBLO",43,43,43,86
"SBLO",44,41,40,81
"SBLO",45,43,43,86
"SBLO",46,44,44,88
"SBLO",47,42,43,85
"SBLO",48,41,41,82
"SBLO",49,59,58,117
"SBLO",50,56,57,113
"SBLO",51,50,51,101
"SBLO",52,46,47,93
"SBLO",53,12,11,23
"SBDB",1,5,5,10
"SBDB",2,5,5,10
"SBDB",3,5,5,10
"SBDB",4,5,5,10
"SBDB",5,5,5,10
"SBDB",6,5,5,10
"SBDB",7,5,5,10
"SBDB",8,4,4,8
"SBDB",9,5,5,10
"SBDB",10,5,5,10
"SBDB",11,6,5,11
"SBDB",12,2,2,4
"SBDB",50,1,1,2
"SBDB",51,3,3,6
"SBDB",52,2,2,4
"SBDB",53,1,1,2
"SBJP",1,127,124,251
"SBJP",2,127,127,254
"SBJP",3,128,129,257
"SBJP",4,123,125,248
"SBJP",5,116,117,233
"SBJP",6,100,101,201
"SBJP",7,100,98,198
"SBJP",8,83,83,166
"SBJP",9,102,102,204
"SBJP",10,97,98,195
"SBJP",11,100,100,200
"SBJP",12,66,69,135
"SBJP",13,14,16,30
"SBJP",14,6,6,12
"SBJP",15,7,7,14
"SBJP",16,6,6,12
"SBJP",17,5,5,10
"SBJP",18,3,6,9
"SBJP",19,7,7,14
"SBJP",20,8,8,16
"SBJP",21,8,8,16
"SBJP",22,10,10,20
"SBJP",23,11,11,22
"SBJP",24,12,12,24
"SBJP",25,14,14,28
"SBJP",26,14,14,28
"SBJP",27,23,23,46
"SBJP",28,28,28,56
"SBJP",29,34,34,68
"SBJP",30,34,33,67
"SBJP",31,37,36,73
"SBJP",32,39,38,77
"SBJP",33,42,41,83
"SBJP",34,45,44,89
"SBJP",35,47,46,93
"SBJP",36,50,49,99
"SBJP",37,47,47,94
"SBJP",38,46,47,93
"SBJP",39,43,43,86
"SBJP",40,49,49,98
"SBJP",41,52,50,102
"SBJP",42,53,53,106
"SBJP",43,45,45,90
"SBJP",44,56,55,111
"SBJP",45,68,68,136
"SBJP",46,67,67,134
"SBJP",47,66,66,132
"SBJP",48,73,69,142
"SBJP",49,93,93,186
"SBJP",50,100,99,199
"SBJP",51,121,124,245
"SBJP",52,123,122,245
"SBJP",53,33,38,71
"SBVH",1,6,6,12
"SBVH",2,8,8,16
"SBVH",3,7,7,14
"SBVH",4,7,7,14
"SBVH",5,7,7,14
"SBVH",6,8,8,16
"SBVH",7,7,7,14
"SBVH",8,6,6,12
"SBVH",9,7,7,14
"SBVH",10,7,7,14
"SBVH",11,7,7,14
"SBVH",12,3,3,6
"SBCJ",1,12,12,24
"SBCJ",2,14,14,28
"SBCJ",3,14,14,28
"SBCJ",4,14,14,28
"SBCJ",5,14,14,28
"SBCJ",6,14,14,28
"SBCJ",7,15,14,29
"SBCJ",8,9,9,18
"SBCJ",9,17,16,33
"SBCJ",10,19,19,38
"SBCJ",11,19,19,38
"SBCJ",12,15,14,29
"SBCJ",27,2,2,4
"SBCJ",28,2,2,4
"SBCJ",29,3,3,6
"SBCJ",30,2,2,4
"SBCJ",31,3,3,6
"SBCJ",32,3,3,6
"SBCJ",35,2,2,4
"SBCJ",36,8,8,16
"SBCJ",37,8,8,16
"SBCJ",38,2,2,4
"SBCJ",39,2,2,4
"SBCJ",40,8,8,16
"SBCJ",41,9,9,18
"SBCJ",42,18,18,36
"SBCJ",43,14,14,28
"SBCJ",44,16,16,32
"SBCJ",45,10,12,22
"SBCJ",46,12,12,24
"SBCJ",47,13,13,26
"SBCJ",48,13,13,26
"SBCJ",49,13,13,26
"SBCJ",50,13,13,26
"SBCJ",51,15,15,30
"SBCJ",52,9,9,18
"SBCJ",53,1,1,2
"SBPO",1,4,4,8
"SBPO",2,6,6,12
"SBPO",3,6,6,12
"SBPO",4,6,6,12
"SBPO",5,6,6,12
"SBPO",6,6,6,12
"SBPO",7,6,6,12
"SBPO",8,3,3,6
"SBPO",9,6,6,12
"SBPO",10,6,6,12
"SBPO",11,5,5,10
"SBPO",12,4,4,8
"SBEG",1,285,280,565
"SBEG",2,315,313,628
"SBEG",3,309,311,620
"SBEG",4,320,323,643
"SBEG",5,313,308,621
"SBEG",6,295,301,596
"SBEG",7,287,296,583
"SBEG",8,254,263,517
"SBEG",9,271,271,542
"SBEG",10,278,292,570
"SBEG",11,286,291,577
"SBEG",12,221,230,451
"SBEG",13,95,95,190
"SBEG",14,54,50,104
"SBEG",15,49,47,96
"SBEG",16,47,46,93
"SBEG",17,52,52,104
"SBEG",18,52,55,107
"SBEG",19,56,56,112
"SBEG",20,62,59,121
"SBEG",21,62,59,121
"SBEG",22,60,59,119
"SBEG",23,62,61,123
"SBEG",24,55,57,112
"SBEG",25,71,71,142
"SBEG",26,69,71,140
"SBEG",27,101,97,198
"SBEG",28,113,105,218
"SBEG",29,131,125,256
"SBEG",30,136,128,264
"SBEG",31,123,120,243
"SBEG",32,125,119,244
"SBEG",33,141,135,276
"SBEG",34,153,151,304
"SBEG",35,163,156,319
"SBEG",36,183,182,365
"SBEG",37,206,199,405
"SBEG",38,200,202,402
"SBEG",39,184,187,371
"SBEG",40,194,188,382
"SBEG",41,205,208,413
"SBEG",42,220,218,438
"SBEG",43,222,217,439
"SBEG",44,206,205,411
"SBEG",45,202,205,407
"SBEG",46,203,199,402
"SBEG",47,205,207,412
"SBEG",48,201,199,400
"SBEG",49,237,237,474
"SBEG",50,226,223,449
"SBEG",51,232,230,462
"SBEG",52,203,203,406
"SBEG",53,59,60,119
"SBBG",1,6,6,12
"SBBG",2,6,6,12
"SBBG",3,5,6,11
"SBBG",4,6,6,12
"SBBG",5,6,6,12
"SBBG",6,6,6,12
"SBBG",7,6,6,12
"SBBG",8,5,6,11
"SBBG",9,6,6,12
"SBBG",10,5,6,11
"SBBG",11,6,7,13
"SBBG",12,3,3,6
"SBAX",1,1,1,2
"SBAX",2,1,1,2
"SBAX",3,1,1,2
"SBAX",4,1,1,2
"SBAX",5,1,1,2
"SBAX",6,2,2,4
"SBAX",7,2,2,4
"SBAX",8,2,2,4
"SBAX",9,2,2,4
"SBAX",10,2,2,4
"SBAX",11,2,2,4
"SBAX",12,1,1,2
"SBIZ",1,24,23,47
"SBIZ",2,27,27,54
"SBIZ",3,26,26,52
"SBIZ",4,27,27,54
"SBIZ",5,28,28,56
"SBIZ",6,26,27,53
"SBIZ",7,28,27,55
"SBIZ",8,26,25,51
"SBIZ",9,28,29,57
"SBIZ",10,26,26,52
"SBIZ",11,28,28,56
"SBIZ",12,19,19,38
"SBIZ",13,3,3,6
"SBIZ",14,2,3,5
"SBIZ",15,2,2,4
"SBIZ",18,1,1,2
"SBIZ",19,1,1,2
"SBIZ",20,1,1,2
"SBIZ",21,1,1,2
"SBIZ",22,1,1,2
"SBIZ",24,1,1,2
"SBIZ",25,3,3,6
"SBIZ",26,4,4,8
"SBIZ",27,4,4,8
"SBIZ",28,6,6,12
"SBIZ",29,6,6,12
"SBIZ",30,8,8,16
"SBIZ",31,6,7,13
"SBIZ",32,9,9,18
"SBIZ",33,13,13,26
"SBIZ",34,16,16,32
"SBIZ",35,20,19,39
"SBIZ",36,25,25,50
"SBIZ",37,20,20,40
"SBIZ",38,15,15,30
"SBIZ",39,14,14,28
"SBIZ",40,20,20,40
"SBIZ",41,19,19,38
"SBIZ",42,22,21,43
"SBIZ",43,24,24,48
"SBIZ",44,20,21,41
"SBIZ",45,17,17,34
"SBIZ",46,17,16,33
"SBIZ",47,17,17,34
"SBIZ",48,19,19,38
"SBIZ",49,27,27,54
"SBIZ",50,27,27,54
"SBIZ",51,27,27,54
"SBIZ",52,25,25,50
"SBIZ",53,7,7,14
"SBPA",1,700,700,1400
"SBPA",2,711,709,1420
"SBPA",3,712,709,1421
"SBPA",4,714,717,1431
"SBPA",5,715,718,1433
"SBPA",6,715,720,1435
"SBPA",7,714,717,1431
"SBPA",8,624,621,1245
"SBPA",9,689,688,1377
"SBPA",10,711,707,1418
"SBPA",11,668,669,1337
"SBPA",12,323,321,644
"SBPA",13,77,76,153
"SBPA",14,48,49,97
"SBPA",15,35,36,71
"SBPA",16,36,36,72
"SBPA",17,34,36,70
"SBPA",18,38,38,76
"SBPA",19,49,52,101
"SBPA",20,48,49,97
"SBPA",21,47,50,97
"SBPA",22,48,50,98
"SBPA",23,49,52,101
"SBPA",24,73,75,148
"SBPA",25,84,86,170
"SBPA",26,87,87,174
"SBPA",27,100,98,198
"SBPA",28,107,110,217
"SBPA",29,118,118,236
"SBPA",30,111,112,223
"SBPA",31,121,122,243
"SBPA",32,123,126,249
"SBPA",33,129,131,260
"SBPA",34,142,137,279
"SBPA",35,142,140,282
"SBPA",36,152,151,303
"SBPA",37,170,166,336
"SBPA",38,171,171,342
"SBPA",39,180,176,356
"SBPA",40,212,209,421
"SBPA",41,236,234,470
"SBPA",42,248,245,493
"SBPA",43,250,251,501
"SBPA",44,259,254,513
"SBPA",45,328,326,654
"SBPA",46,330,329,659
"SBPA",47,343,336,679
"SBPA",48,344,334,678
"SBPA",49,347,348,695
"SBPA",50,373,373,746
"SBPA",51,418,413,831
"SBPA",52,385,384,769
"SBPA",53,109,105,214
"SBTG",1,4,4,8
"SBTG",2,3,3,6
"SBTG",3,3,3,6
"SBTG",4,3,3,6
"SBTG",5,4,4,8
"SBTG",6,7,7,14
"SBTG",7,7,7,14
"SBTG",8,3,3,6
"SBTG",9,7,7,14
"SBTG",10,7,7,14
"SBTG",11,6,6,12
"SBTG",12,5,5,10
"SBTG",36,1,1,2
"SBTG",37,2,2,4
"SBTG",38,2,2,4
"SBTG",39,2,2,4
"SBTG",40,2,2,4
"SBTG",41,2,2,4
"SBTG",42,1,1,2
"SBAR",1,112,107,219
"SBAR",2,114,114,228
"SBAR",3,111,111,222
"SBAR",4,110,112,222
"SBAR",5,109,112,221
"SBAR",6,104,104,208
"SBAR",7,94,95,189
"SBAR",8,71,71,142
"SBAR",9,90,89,179
"SBAR",10,87,90,177
"SBAR",11,84,84,168
"SBAR",12,64,66,130
"SBAR",13,12,13,25
"SBAR",14,7,7,14
"SBAR",15,6,6,12
"SBAR",16,5,6,11
"SBAR",17,5,5,10
"SBAR",18,6,6,12
"SBAR",19,7,7,14
"SBAR",20,8,8,16
"SBAR",21,9,9,18
"SBAR",22,11,11,22
"SBAR",23,12,12,24
"SBAR",24,14,14,28
"SBAR",25,19,19,38
"SBAR",26,20,20,40
"SBAR",27,23,23,46
"SBAR",28,23,23,46
"SBAR",29,22,22,44
"SBAR",30,20,20,40
"SBAR",31,23,23,46
"SBAR",32,26,26,52
"SBAR",33,33,33,66
"SBAR",34,36,37,73
"SBAR",35,37,37,74
"SBAR",36,45,44,89
"SBAR",37,43,42,85
"SBAR",38,52,52,104
"SBAR",39,50,50,100
"SBAR",40,62,61,123
"SBAR",41,66,66,132
"SBAR",42,73,72,145
"SBAR",43,71,71,142
"SBAR",44,61,62,123
"SBAR",45,72,72,144
"SBAR",46,73,72,145
"SBAR",47,73,73,146
"SBAR",48,73,71,144
"SBAR",49,83,80,163
"SBAR",50,90,87,177
"SBAR",51,96,97,193
"SBAR",52,85,84,169
"SBAR",53,24,27,51
"SBJR",1,11,11,22
"SBJR",2,15,15,30
"SBJR",3,13,13,26
"SBJR",4,15,15,30
"SBJR",5,17,16,33
"SBJR",6,13,14,27
"SBJR",7,13,12,25
"SBJR",8,15,15,30
"SBJR",9,15,15,30
"SBJR",10,13,14,27
"SBJR",11,15,15,30
"SBJR",12,3,3,6
"SBTB",1,5,3,8
"SBTB",2,3,3,6
"SBTB",3,2,2,4
"SBTB",4,4,4,8
"SBTB",5,4,4,8
"SBTB",6,4,2,6
"SBTB",9,1,1,2
"SBTB",10,3,3,6
"SBTB",11,3,3,6
"SBTB",12,3,3,6
"SBTB",13,3,3,6
"SBTB",15,2,2,4
"SBTB",16,1,1,2
"SBTB",18,1,1,2
"SBTB",19,1,1,2
"SBTB",20,1,1,2
"SBTB",21,4,4,8
"SBTB",22,3,3,6
"SBTB",23,3,4,7
"SBTB",24,4,3,7
"SBTB",25,4,4,8
"SBTB",26,4,4,8
"SBTB",27,8,8,16
"SBTB",28,4,4,8
"SBTB",29,10,10,20
"SBTB",30,4,4,8
"SBTB",31,7,7,14
"SBTB",32,4,4,8
"SBTB",33,3,3,6
"SBTB",34,3,3,6
"SBTB",35,4,4,8
"SBTB",36,4,4,8
"SBTB",37,5,5,10
"SBTB",38,3,3,6
"SBTB",39,3,3,6
"SBTB",40,3,4,7
"SBTB",41,3,3,6
"SBTB",42,4,4,8
"SBTB",43,4,4,8
"SBTB",44,3,3,6
"SBTB",45,5,5,10
"SBTB",46,3,3,6
"SBTB",47,4,4,8
"SBTB",48,3,3,6
"SBTB",49,5,5,10
"SBTB",50,4,4,8
"SBTB",51,4,4,8
"SBTB",52,3,3,6
"SBTB",53,1,1,2
"SBCY",1,234,233,467
"SBCY",2,268,267,535
"SBCY",3,266,265,531
"SBCY",4,267,267,534
"SBCY",5,262,261,523
"SBCY",6,256,255,511
"SBCY",7,255,249,504
"SBCY",8,208,209,417
"SBCY",9,254,251,505
"SBCY",10,256,254,510
"SBCY",11,248,245,493
"SBCY",12,150,149,299
"SBCY",13,34,35,69
"SBCY",14,24,25,49
"SBCY",15,23,23,46
"SBCY",16,20,20,40
"SBCY",17,23,24,47
"SBCY",18,24,22,46
"SBCY",19,29,32,61
"SBCY",20,31,31,62
"SBCY",21,29,31,60
"SBCY",22,31,31,62
"SBCY",23,28,31,59
"SBCY",24,36,36,72
"SBCY",25,52,54,106
"SBCY",26,58,57,115
"SBCY",27,72,70,142
"SBCY",28,71,70,141
"SBCY",29,82,83,165
"SBCY",30,82,82,164
"SBCY",31,95,95,190
"SBCY",32,107,107,214
"SBCY",33,116,113,229
"SBCY",34,122,123,245
"SBCY",35,125,128,253
"SBCY",36,133,133,266
"SBCY",37,148,148,296
"SBCY",38,120,120,240
"SBCY",39,116,116,232
"SBCY",40,134,133,267
"SBCY",41,123,121,244
"SBCY",42,137,141,278
"SBCY",43,142,142,284
"SBCY",44,140,138,278
"SBCY",45,177,176,353
"SBCY",46,171,175,346
"SBCY",47,168,164,332
"SBCY",48,175,177,352
"SBCY",49,186,183,369
"SBCY",50,192,194,386
"SBCY",51,213,209,422
"SBCY",52,199,198,397
"SBCY",53,56,59,115
"SBMT",24,2,1,3
"SBMT",25,1,1,2
"SBMT",27,2,2,4
"SBMT",28,1,1,2
"SBMT",29,3,3,6
"SBMT",30,4,4,8
"SBMT",31,2,2,4
"SBMT",35,1,2,3
"SBMT",36,3,3,6
"SBMT",37,1,1,2
"SBMT",38,3,3,6
"SBMT",39,4,4,8
"SBMT",41,2,2,4
"SBMT",43,2,2,4
"SBMT",44,2,2,4
"SBMT",46,2,2,4
"SBGR",1,2900,2938,5838
"SBGR",2,2935,2943,5878
"SBGR",3,2946,2949,5895
"SBGR",4,2944,2916,5860
"SBGR",5,2899,2913,5812
"SBGR",6,2815,2808,5623
"SBGR",7,2854,2856,5710
"SBGR",8,2564,2562,5126
"SBGR",9,2794,2793,5587
"SBGR",10,2811,2799,5610
"SBGR",11,2793,2795,5588
"SBGR",12,1730,1705,3435
"SBGR",13,558,571,1129
"SBGR",14,361,358,719
"SBGR",15,288,308,596
"SBGR",16,315,321,636
"SBGR",17,303,289,592
"SBGR",18,314,284,598
"SBGR",19,395,381,776
"SBGR",20,385,386,771
"SBGR",21,409,408,817
"SBGR",22,387,384,771
"SBGR",23,424,431,855
"SBGR",24,462,460,922
"SBGR",25,550,528,1078
"SBGR",26,557,544,1101
"SBGR",27,671,670,1341
"SBGR",28,710,719,1429
"SBGR",29,783,779,1562
"SBGR",30,763,769,1532
"SBGR",31,820,821,1641
"SBGR",32,924,935,1859
"SBGR",33,1012,1028,2040
"SBGR",34,1081,1076,2157
"SBGR",35,1101,1110,2211
"SBGR",36,1211,1212,2423
"SBGR",37,1183,1182,2365
"SBGR",38,1243,1239,2482
"SBGR",39,1264,1260,2524
"SBGR",40,1342,1331,2673
"SBGR",41,1432,1437,2869
"SBGR",42,1505,1493,2998
"SBGR",43,1459,1454,2913
"SBGR",44,1446,1456,2902
"SBGR",45,1600,1589,3189
"SBGR",46,1610,1607,3217
"SBGR",47,1645,1645,3290
"SBGR",48,1629,1653,3282
"SBGR",49,1773,1777,3550
"SBGR",50,1802,1799,3601
"SBGR",51,1881,1900,3781
"SBGR",52,1802,1824,3626
"SBGR",53,512,500,1012
"SBBH",1,2,2,4
"SBBH",2,3,1,4
"SBBH",3,7,9,16
"SBBH",4,1,1,2
"SBBH",5,4,1,5
"SBBH",6,2,4,6
"SBBH",7,2,2,4
"SBBH",8,6,6,12
"SBBH",9,2,3,5
"SBBH",10,3,1,4
"SBBH",11,9,7,16
"SBBH",12,18,0,18
"SBBH",13,4,0,4
"SBBH",15,0,1,1
"SBBH",23,1,1,2
"SBBH",26,1,1,2
"SBBH",27,1,1,2
"SBBH",28,2,2,4
"SBBH",29,2,2,4
"SBBH",30,3,3,6
"SBBH",31,2,2,4
"SBBH",32,3,3,6
"SBBH",33,1,1,2
"SBBH",34,1,0,1
"SBBH",49,3,3,6
"SBLJ",1,4,4,8
"SBLJ",2,6,6,12
"SBLJ",3,6,6,12
"SBLJ",4,5,5,10
"SBLJ",5,6,6,12
"SBLJ",6,5,5,10
"SBLJ",7,5,5,10
"SBLJ",8,3,3,6
"SBLJ",9,4,4,8
"SBLJ",10,5,5,10
"SBLJ",11,4,4,8
"SBLJ",12,1,1,2
"SBFZ",1,492,481,973
"SBFZ",2,502,498,1000
"SBFZ",3,496,499,995
"SBFZ",4,492,492,984
"SBFZ",5,482,478,960
"SBFZ",6,458,450,908
"SBFZ",7,469,465,934
"SBFZ",8,445,442,887
"SBFZ",9,478,479,957
"SBFZ",10,474,471,945
"SBFZ",11,470,475,945
"SBFZ",12,298,315,613
"SBFZ",13,58,64,122
"SBFZ",14,23,26,49
"SBFZ",15,23,24,47
"SBFZ",16,25,24,49
"SBFZ",17,24,25,49
"SBFZ",18,20,25,45
"SBFZ",19,34,31,65
"SBFZ",20,36,32,68
"SBFZ",21,35,32,67
"SBFZ",22,44,40,84
"SBFZ",23,45,42,87
"SBFZ",24,55,51,106
"SBFZ",25,63,64,127
"SBFZ",26,67,65,132
"SBFZ",27,98,93,191
"SBFZ",28,92,86,178
"SBFZ",29,99,94,193
"SBFZ",30,92,84,176
"SBFZ",31,98,95,193
"SBFZ",32,112,107,219
"SBFZ",33,116,113,229
"SBFZ",34,119,114,233
"SBFZ",35,124,123,247
"SBFZ",36,135,132,267
"SBFZ",37,145,146,291
"SBFZ",38,153,156,309
"SBFZ",39,152,155,307
"SBFZ",40,179,176,355
"SBFZ",41,213,213,426
"SBFZ",42,230,228,458
"SBFZ",43,229,229,458
"SBFZ",44,227,225,452
"SBFZ",45,240,235,475
"SBFZ",46,236,230,466
"SBFZ",47,244,242,486
"SBFZ",48,242,241,483
"SBFZ",49,263,263,526
"SBFZ",50,263,259,522
"SBFZ",51,314,314,628
"SBFZ",52,305,299,604
"SBFZ",53,90,94,184
"SBMO",1,207,200,407
"SBMO",2,205,203,408
"SBMO",3,206,205,411
"SBMO",4,196,200,396
"SBMO",5,179,179,358
"SBMO",6,165,165,330
"SBMO",7,159,159,318
"SBMO",8,149,151,300
"SBMO",9,160,161,321
"SBMO",10,145,146,291
"SBMO",11,143,144,287
"SBMO",12,118,122,240
"SBMO",13,17,18,35
"SBMO",14,13,13,26
"SBMO",15,12,12,24
"SBMO",16,13,13,26
"SBMO",17,7,7,14
"SBMO",18,7,11,18
"SBMO",19,9,9,18
"SBMO",20,10,10,20
"SBMO",21,13,12,25
"SBMO",22,15,15,30
"SBMO",23,12,12,24
"SBMO",24,12,12,24
"SBMO",25,14,14,28
"SBMO",26,13,14,27
"SBMO",27,24,24,48
"SBMO",28,29,29,58
"SBMO",29,29,29,58
"SBMO",30,28,28,56
"SBMO",31,29,29,58
"SBMO",32,37,37,74
"SBMO",33,43,42,85
"SBMO",34,47,47,94
"SBMO",35,47,46,93
"SBMO",36,60,61,121
"SBMO",37,56,55,111
"SBMO",38,67,68,135
"SBMO",39,68,68,136
"SBMO",40,82,82,164
"SBMO",41,98,96,194
"SBMO",42,104,107,211
"SBMO",43,98,98,196
"SBMO",44,92,90,182
"SBMO",45,114,114,228
"SBMO",46,115,115,230
"SBMO",47,116,116,232
"SBMO",48,120,116,236
"SBMO",49,121,124,245
"SBMO",50,136,136,272
"SBMO",51,167,166,333
"SBMO",52,188,190,378
"SBMO",53,47,52,99
"SBFL",1,370,369,739
"SBFL",2,376,376,752
"SBFL",3,382,381,763
"SBFL",4,375,378,753
"SBFL",5,359,359,718
"SBFL",6,341,340,681
"SBFL",7,338,339,677
"SBFL",8,306,306,612
"SBFL",9,330,331,661
"SBFL",10,307,308,615
"SBFL",11,307,305,612
"SBFL",12,162,169,331
"SBFL",13,30,30,60
"SBFL",14,19,18,37
"SBFL",15,20,19,39
"SBFL",16,21,20,41
"SBFL",17,21,22,43
"SBFL",18,22,21,43
"SBFL",19,26,27,53
"SBFL",20,34,35,69
"SBFL",21,34,36,70
"SBFL",22,33,33,66
"SBFL",23,34,38,72
"SBFL",24,42,45,87
"SBFL",25,45,48,93
"SBFL",26,49,50,99
"SBFL",27,48,49,97
"SBFL",28,49,50,99
"SBFL",29,55,57,112
"SBFL",30,60,59,119
"SBFL",31,63,62,125
"SBFL",32,67,68,135
"SBFL",33,75,75,150
"SBFL",34,79,80,159
"SBFL",35,79,80,159
"SBFL",36,92,91,183
"SBFL",37,88,91,179
"SBFL",38,97,97,194
"SBFL",39,97,97,194
"SBFL",40,106,106,212
"SBFL",41,111,110,221
"SBFL",42,118,118,236
"SBFL",43,115,114,229
"SBFL",44,140,136,276
"SBFL",45,159,163,322
"SBFL",46,158,158,316
"SBFL",47,157,156,313
"SBFL",48,167,160,327
"SBFL",49,186,183,369
"SBFL",50,182,186,368
"SBFL",51,211,211,422
"SBFL",52,200,203,403
"SBFL",53,55,60,115
"SBMD",1,3,3,6
"SBMD",2,3,3,6
"SBMD",3,2,2,4
"SBMD",4,3,3,6
"SBMD",5,3,3,6
"SBMD",6,3,3,6
"SBMD",7,3,3,6
"SBMD",8,3,3,6
"SBMD",9,3,3,6
"SBMD",10,3,3,6
"SBMD",11,3,3,6
"SBMD",12,3,3,6
"SBMD",13,4,3,7
"SBMD",16,2,2,4
"SBMD",17,3,3,6
"SBMD",18,1,1,2
"SBMD",19,2,2,4
"SBMD",20,3,3,6
"SBMD",21,3,3,6
"SBMD",22,3,3,6
"SBMD",23,3,3,6
"SBMD",24,3,3,6
"SBMD",25,3,3,6
"SBMD",26,3,3,6
"SBMD",27,3,3,6
"SBMD",28,3,3,6
"SBMD",29,4,4,8
"SBMD",30,3,3,6
"SBMD",31,3,3,6
"SBMD",32,3,3,6
"SBMD",33,3,3,6
"SBMD",34,4,4,8
"SBMD",35,5,5,10
"SBMD",36,6,6,12
"SBMD",37,7,7,14
"SBMD",38,7,7,14
"SBMD",39,7,7,14
"SBMD",40,6,6,12
"SBMD",41,6,6,12
"SBMD",42,6,6,12
"SBMD",43,6,6,12
"SBMD",44,4,4,8
"SBMD",45,7,7,14
"SBMD",46,7,7,14
"SBMD",47,6,6,12
"SBMD",48,6,6,12
"SBMD",49,7,7,14
"SBMD",50,7,7,14
"SBMD",51,7,7,14
"SBMD",52,3,3,6
"SBMD",53,1,1,2
"SBME",1,10,10,20
"SBME",2,11,11,22
"SBME",3,9,9,18
"SBME",4,11,11,22
"SBME",5,16,15,31
"SBME",6,20,20,40
"SBME",7,19,19,38
"SBME",8,19,19,38
"SBME",9,15,15,30
"SBME",10,22,22,44
"SBME",11,21,21,42
"SBME",12,15,15,30
"SBME",46,12,12,24
"SBME",47,10,10,20
"SBME",48,12,12,24
"SBME",49,14,14,28
"SBME",50,14,14,28
"SBME",51,12,12,24
"SBME",52,6,6,12
"SBME",53,2,2,4
"SBTD",1,5,5,10
"SBTD",2,6,6,12
"SBTD",3,6,6,12
"SBTD",4,6,6,12
"SBTD",5,4,4,8
"SBTD",6,5,5,10
"SBTD",7,5,5,10
"SBTD",8,3,3,6
"SBTD",9,5,5,10
"SBTD",10,5,5,10
"SBTD",11,4,4,8
"SBTD",12,4,4,8
"SBJE",1,25,24,49
"SBJE",2,20,20,40
"SBJE",3,20,20,40
"SBJE",4,20,20,40
"SBJE",5,16,17,33
"SBJE",6,11,10,21
"SBJE",7,12,12,24
"SBJE",8,32,32,64
"SBJE",9,29,31,60
"SBJE",10,27,28,55
"SBJE",11,27,27,54
"SBJE",12,14,14,28
"SBJE",47,1,1,2
"SBJE",48,2,2,4
"SBJE",49,4,4,8
"SBJE",50,5,5,10
"SBJE",51,38,38,76
"SBJE",52,41,40,81
"SBJE",53,10,11,21
"SBRD",1,6,5,11
"SBRD",2,5,6,11
"SBRD",3,6,6,12
"SBRD",4,6,5,11
"SBRD",5,5,5,10
"SBRD",6,5,5,10
"SBRD",7,8,7,15
"SBRD",8,4,4,8
"SBRD",9,5,5,10
"SBRD",10,6,6,12
"SBRD",11,6,6,12
"SBRD",12,3,4,7
"SBRD",25,1,1,2
"SBRD",26,3,3,6
"SBRD",27,3,3,6
"SBRD",28,4,4,8
"SBRD",29,4,4,8
"SBRD",30,3,3,6
"SBRD",31,4,4,8
"SBRD",32,3,3,6
"SBRD",33,4,4,8
"SBRD",34,3,3,6
"SBRD",35,6,6,12
"SBRD",36,8,8,16
"SBRD",37,9,9,18
"SBRD",38,9,9,18
"SBRD",39,9,9,18
"SBRD",40,7,7,14
"SBRD",41,6,6,12
"SBRD",42,8,8,16
"SBRD",43,8,8,16
"SBRD",44,7,7,14
"SBRD",45,5,6,11
"SBRD",46,4,4,8
"SBRD",47,3,3,6
"SBRD",48,5,5,10
"SBRD",49,5,5,10
"SBRD",50,2,1,3
"SBRD",51,5,5,10
"SBRD",52,2,2,4
"SBRD",53,1,1,2
"SBRP",1,185,184,369
"SBRP",2,191,191,382
"SBRP",3,180,179,359
"SBRP",4,178,178,356
"SBRP",5,180,183,363
"SBRP",6,167,168,335
"SBRP",7,163,164,327
"SBRP",8,148,147,295
"SBRP",9,156,160,316
"SBRP",10,161,163,324
"SBRP",11,154,152,306
"SBRP",12,80,76,156
"SBRP",13,1,1,2
"SBRP",23,2,2,4
"SBRP",24,4,4,8
"SBRP",25,6,6,12
"SBRP",26,6,6,12
"SBRP",27,16,15,31
"SBRP",28,19,20,39
"SBRP",29,22,21,43
"SBRP",30,22,22,44
"SBRP",31,26,27,53
"SBRP",32,26,26,52
"SBRP",33,28,28,56
"SBRP",34,29,29,58
"SBRP",35,29,31,60
"SBRP",36,32,33,65
"SBRP",37,46,45,91
"SBRP",38,48,48,96
"SBRP",39,48,48,96
"SBRP",40,51,53,104
"SBRP",41,47,47,94
"SBRP",42,53,51,104
"SBRP",43,55,55,110
"SBRP",44,54,52,106
"SBRP",45,70,70,140
"SBRP",46,69,70,139
"SBRP",47,65,63,128
"SBRP",48,68,67,135
"SBRP",49,72,74,146
"SBRP",50,73,75,148
"SBRP",51,84,84,168
"SBRP",52,74,73,147
"SBRP",53,15,17,32
"SBKG",1,21,19,40
"SBKG",2,25,25,50
"SBKG",3,25,25,50
"SBKG",4,24,25,49
"SBKG",5,22,23,45
"SBKG",6,21,20,41
"SBKG",7,20,21,41
"SBKG",8,19,18,37
"SBKG",9,17,18,35
"SBKG",10,20,20,40
"SBKG",11,18,19,37
"SBKG",12,9,10,19
"SBKG",22,1,1,2
"SBKG",31,2,2,4
"SBKG",32,7,7,14
"SBKG",33,8,8,16
"SBKG",34,10,10,20
"SBKG",35,11,11,22
"SBKG",36,12,12,24
"SBKG",37,11,11,22
"SBKG",38,11,11,22
"SBKG",39,11,10,21
"SBKG",40,15,15,30
"SBKG",41,17,17,34
"SBKG",42,17,17,34
"SBKG",43,18,18,36
"SBKG",44,16,16,32
"SBKG",45,21,20,41
"SBKG",46,20,20,40
"SBKG",47,22,22,44
"SBKG",48,23,23,46
"SBKG",49,22,22,44
"SBKG",50,22,22,44
"SBKG",51,22,21,43
"SBKG",52,17,17,34
"SBKG",53,4,4,8
"SBHT",1,15,15,30
"SBHT",2,20,20,40
"SBHT",3,23,23,46
"SBHT",4,21,21,42
"SBHT",5,20,20,40
"SBHT",6,15,15,30
"SBHT",7,9,9,18
"SBHT",8,10,10,20
"SBHT",9,7,7,14
"SBHT",10,7,7,14
"SBHT",11,9,9,18
"SBHT",12,5,5,10
"SBHT",13,3,2,5
"SBHT",16,3,3,6
"SBHT",17,16,16,32
"SBHT",18,15,15,30
"SBHT",19,14,14,28
"SBHT",20,6,6,12
"SBHT",21,5,5,10
"SBHT",22,5,5,10
"SBHT",23,5,5,10
"SBHT",24,5,5,10
"SBHT",25,5,5,10
"SBHT",26,6,6,12
"SBHT",27,7,7,14
"SBHT",28,7,7,14
"SBHT",29,8,8,16
"SBHT",30,9,9,18
"SBHT",31,6,6,12
"SBHT",32,8,8,16
"SBHT",33,7,7,14
"SBHT",34,7,7,14
"SBHT",35,7,7,14
"SBHT",36,6,6,12
"SBHT",37,6,6,12
"SBHT",38,6,6,12
"SBHT",39,6,6,12
"SBHT",40,6,6,12
"SBHT",41,6,6,12
"SBHT",42,7,7,14
"SBHT",43,7,7,14
"SBHT",44,7,7,14
"SBHT",45,7,7,14
"SBHT",46,7,7,14
"SBHT",47,7,7,14
"SBHT",48,7,7,14
"SBHT",49,7,7,14
"SBHT",50,7,7,14
"SBHT",51,7,7,14
"SBHT",52,7,7,14
"SBHT",53,2,2,4
"SBMS",1,6,6,12
"SBMS",2,6,6,12
"SBMS",3,6,6,12
"SBMS",4,6,6,12
"SBMS",5,6,6,12
"SBMS",6,7,7,14
"SBMS",7,6,7,13
"SBMS",8,6,6,12
"SBMS",9,7,7,14
"SBMS",10,7,7,14
"SBMS",11,7,7,14
"SBMS",12,5,5,10
"SBJA",1,16,15,31
"SBJA",2,15,15,30
"SBJA",3,14,14,28
"SBJA",4,13,13,26
"SBJA",5,13,13,26
"SBJA",6,13,13,26
"SBJA",7,13,13,26
"SBJA",8,13,13,26
"SBJA",9,13,13,26
"SBJA",10,13,13,26
"SBJA",11,13,13,26
"SBJA",12,14,15,29
"SBJA",13,1,1,2
"SBJA",31,1,1,2
"SBJA",32,3,3,6
"SBJA",33,3,3,6
"SBJA",34,4,4,8
"SBJA",35,2,2,4
"SBJA",36,4,4,8
"SBJA",37,3,3,6
"SBJA",38,3,3,6
"SBJA",39,3,3,6
"SBJA",40,4,4,8
"SBJA",41,3,3,6
"SBJA",42,3,3,6
"SBJA",43,3,3,6
"SBJA",44,4,4,8
"SBJA",45,6,6,12
"SBJA",46,6,6,12
"SBJA",47,6,6,12
"SBJA",48,6,6,12
"SBJA",49,7,7,14
"SBJA",50,7,7,14
"SBJA",51,7,7,14
"SBJA",52,7,7,14
"SBJA",53,3,3,6
"SBJD",7,0,2,2
"SBJD",12,1,0,1
"SBJD",13,1,1,2
"SBJD",15,2,1,3
"SBJD",16,2,2,4
"SBJD",17,4,4,8
"SBJD",18,3,3,6
"SBJD",19,5,5,10
"SBJD",20,4,5,9
"SBJD",21,6,6,12
"SBJD",22,7,7,14
"SBJD",23,8,8,16
"SBJD",24,5,8,13
"SBJD",25,11,11,22
"SBJD",26,6,7,13
"SBJD",27,8,7,15
"SBJD",28,9,11,20
"SBJD",29,10,11,21
"SBJD",30,10,12,22
"SBJD",31,9,9,18
"SBJD",32,14,13,27
"SBJD",33,9,10,19
"SBJD",34,6,8,14
"SBJD",35,11,10,21
"SBJD",36,8,9,17
"SBJD",37,11,10,21
"SBJD",38,12,12,24
"SBJD",39,13,13,26
"SBJD",40,9,11,20
"SBJD",41,8,10,18
"SBJD",42,7,9,16
"SBJD",43,11,11,22
"SBJD",44,2,4,6
"SBJD",45,10,10,20
"SBJD",46,11,12,23
"SBJD",47,12,10,22
"SBJD",48,9,8,17
"SBJD",49,11,12,23
"SBJD",50,9,9,18
"SBJD",51,4,7,11
"SBJD",52,8,8,16
"SBJD",53,3,2,5
"SBSV",1,647,638,1285
"SBSV",2,672,674,1346
"SBSV",3,658,658,1316
"SBSV",4,652,651,1303
"SBSV",5,644,642,1286
"SBSV",6,607,595,1202
"SBSV",7,618,622,1240
"SBSV",8,626,619,1245
"SBSV",9,621,626,1247
"SBSV",10,568,571,1139
"SBSV",11,573,576,1149
"SBSV",12,373,382,755
"SBSV",13,65,62,127
"SBSV",14,37,39,76
"SBSV",15,39,38,77
"SBSV",16,40,39,79
"SBSV",17,39,41,80
"SBSV",18,38,37,75
"SBSV",19,49,53,102
"SBSV",20,51,51,102
"SBSV",21,52,52,104
"SBSV",22,58,56,114
"SBSV",23,65,67,132
"SBSV",24,63,59,122
"SBSV",25,65,68,133
"SBSV",26,67,70,137
"SBSV",27,105,103,208
"SBSV",28,104,105,209
"SBSV",29,95,101,196
"SBSV",30,103,109,212
"SBSV",31,121,121,242
"SBSV",32,144,142,286
"SBSV",33,152,151,303
"SBSV",34,138,146,284
"SBSV",35,163,160,323
"SBSV",36,193,191,384
"SBSV",37,211,214,425
"SBSV",38,227,227,454
"SBSV",39,226,229,455
"SBSV",40,281,279,560
"SBSV",41,309,310,619
"SBSV",42,330,329,659
"SBSV",43,315,317,632
"SBSV",44,307,307,614
"SBSV",45,355,357,712
"SBSV",46,346,348,694
"SBSV",47,355,353,708
"SBSV",48,361,360,721
"SBSV",49,394,397,791
"SBSV",50,401,406,807
"SBSV",51,509,509,1018
"SBSV",52,522,526,1048
"SBSV",53,144,149,293
"SBSR",1,75,75,150
"SBSR",2,75,75,150
"SBSR",3,76,76,152
"SBSR",4,76,76,152
"SBSR",5,76,75,151
"SBSR",6,81,79,160
"SBSR",7,82,82,164
"SBSR",8,68,70,138
"SBSR",9,80,80,160
"SBSR",10,81,81,162
"SBSR",11,79,79,158
"SBSR",12,42,46,88
"SBSR",13,1,2,3
"SBSR",19,2,2,4
"SBSR",20,5,5,10
"SBSR",21,6,6,12
"SBSR",22,5,5,10
"SBSR",23,5,5,10
"SBSR",24,4,4,8
"SBSR",25,6,6,12
"SBSR",26,6,6,12
"SBSR",27,10,9,19
"SBSR",28,17,16,33
"SBSR",29,20,20,40
"SBSR",30,22,22,44
"SBSR",31,26,26,52
"SBSR",32,28,28,56
"SBSR",33,30,30,60
"SBSR",34,34,34,68
"SBSR",35,33,34,67
"SBSR",36,31,31,62
"SBSR",37,34,34,68
"SBSR",38,30,30,60
"SBSR",39,32,32,64
"SBSR",40,32,33,65
"SBSR",41,30,29,59
"SBSR",42,37,37,74
"SBSR",43,37,37,74
"SBSR",44,39,40,79
"SBSR",45,48,48,96
"SBSR",46,48,48,96
"SBSR",47,44,47,91
"SBSR",48,51,50,101
"SBSR",49,51,51,102
"SBSR",50,52,53,105
"SBSR",51,51,52,103
"SBSR",52,45,44,89
"SBSR",53,10,12,22
"SBML",1,17,17,34
"SBML",2,19,18,37
"SBML",3,19,19,38
"SBML",4,18,18,36
"SBML",5,19,19,38
"SBML",6,18,18,36
"SBML",7,19,19,38
"SBML",8,17,18,35
"SBML",9,18,20,38
"SBML",10,21,20,41
"SBML",11,20,20,40
"SBML",12,8,10,18
"SBML",27,6,5,11
"SBML",28,17,17,34
"SBML",29,17,16,33
"SBML",30,17,16,33
"SBML",31,16,16,32
"SBML",32,17,17,34
"SBML",33,17,17,34
"SBML",34,16,16,32
"SBML",35,17,17,34
"SBML",36,13,13,26
"SBML",37,13,12,25
"SBML",38,5,6,11
"SBML",39,5,5,10
"SBML",40,5,5,10
"SBML",41,5,5,10
"SBML",42,5,5,10
"SBML",43,5,5,10
"SBML",44,5,5,10
"SBML",45,11,11,22
"SBML",46,12,12,24
"SBML",47,10,11,21
"SBML",48,9,9,18
"SBML",49,6,6,12
"SBML",50,6,6,12
"SBML",51,6,6,12
"SBML",52,5,5,10
"SBML",53,2,2,4
"SBPL",1,46,43,89
"SBPL",2,55,54,109
"SBPL",3,54,53,107
"SBPL",4,55,54,109
"SBPL",5,54,51,105
"SBPL",6,41,43,84
"SBPL",7,42,41,83
"SBPL",8,35,35,70
"SBPL",9,40,41,81
"SBPL",10,41,41,82
"SBPL",11,38,39,77
"SBPL",12,35,35,70
"SBPL",13,3,2,5
"SBPL",14,2,2,4
"SBPL",15,3,3,6
"SBPL",16,4,4,8
"SBPL",17,7,7,14
"SBPL",18,7,7,14
"SBPL",19,6,6,12
"SBPL",20,8,8,16
"SBPL",21,6,6,12
"SBPL",22,8,8,16
"SBPL",23,8,8,16
"SBPL",24,9,9,18
"SBPL",25,11,11,22
"SBPL",26,11,11,22
"SBPL",27,13,13,26
"SBPL",28,14,14,28
"SBPL",29,16,16,32
"SBPL",30,14,14,28
"SBPL",31,15,15,30
"SBPL",32,16,16,32
"SBPL",33,16,16,32
"SBPL",34,16,16,32
"SBPL",35,17,17,34
"SBPL",36,18,18,36
"SBPL",37,20,20,40
"SBPL",38,24,24,48
"SBPL",39,24,24,48
"SBPL",40,25,24,49
"SBPL",41,23,23,46
"SBPL",42,26,26,52
"SBPL",43,26,26,52
"SBPL",44,24,23,47
"SBPL",45,30,30,60
"SBPL",46,29,29,58
"SBPL",47,28,28,56
"SBPL",48,28,28,56
"SBPL",49,28,28,56
"SBPL",50,28,30,58
"SBPL",51,41,40,81
"SBPL",52,30,32,62
"SBPL",53,7,10,17
"SBZM",1,15,15,30
"SBZM",2,17,17,34
"SBZM",3,16,16,32
"SBZM",4,16,16,32
"SBZM",5,17,17,34
"SBZM",6,18,18,36
"SBZM",7,19,19,38
"SBZM",8,14,14,28
"SBZM",9,14,14,28
"SBZM",10,19,19,38
"SBZM",11,17,17,34
"SBZM",12,7,7,14
"SBZM",33,2,2,4
"SBZM",34,5,5,10
"SBZM",35,5,5,10
"SBZM",36,8,8,16
"SBZM",37,6,5,11
"SBZM",38,8,8,16
"SBZM",39,8,8,16
"SBZM",40,11,11,22
"SBZM",41,11,11,22
"SBZM",42,12,12,24
"SBZM",43,13,13,26
"SBZM",44,12,12,24
"SBZM",45,13,13,26
"SBZM",46,14,14,28
"SBZM",47,13,13,26
"SBZM",48,13,13,26
"SBZM",49,9,9,18
"SBZM",50,10,10,20
"SBZM",51,7,7,14
"SBZM",52,7,7,14
"SBZM",53,2,2,4
"SBAT",1,6,6,12
"SBAT",2,7,7,14
"SBAT",3,7,7,14
"SBAT",4,7,7,14
"SBAT",5,7,7,14
"SBAT",6,6,6,12
"SBAT",7,6,7,13
"SBAT",8,5,5,10
"SBAT",9,6,6,12
"SBAT",10,7,7,14
"SBAT",11,7,7,14
"SBAT",12,5,5,10
"SBAT",28,1,1,2
"SBAT",29,4,4,8
"SBAT",30,4,4,8
"SBAT",31,4,4,8
"SBAT",32,4,4,8
"SBAT",33,4,4,8
"SBAT",34,4,4,8
"SBAT",35,5,5,10
"SBAT",36,5,5,10
"SBAT",37,7,7,14
"SBAT",38,7,7,14
"SBAT",39,7,7,14
"SBAT",40,7,7,14
"SBAT",41,5,5,10
"SBAT",42,7,7,14
"SBAT",43,7,7,14
"SBAT",44,7,7,14
"SBAT",45,7,6,13
"SBAT",46,7,7,14
"SBAT",47,7,7,14
"SBAT",48,8,8,16
"SBAT",49,8,8,16
"SBAT",50,7,7,14
"SBAT",51,8,8,16
"SBAT",52,4,4,8
"SBAT",53,2,2,4
"SBCG",1,113,109,222
"SBCG",2,121,121,242
"SBCG",3,120,121,241
"SBCG",4,121,121,242
"SBCG",5,120,120,240
"SBCG",6,119,120,239
"SBCG",7,118,118,236
"SBCG",8,99,98,197
"SBCG",9,120,119,239
"SBCG",10,117,120,237
"SBCG",11,114,113,227
"SBCG",12,67,73,140
"SBCG",13,16,17,33
"SBCG",14,15,15,30
"SBCG",15,13,13,26
"SBCG",16,14,13,27
"SBCG",17,13,14,27
"SBCG",18,10,11,21
"SBCG",19,10,15,25
"SBCG",20,13,14,27
"SBCG",21,14,14,28
"SBCG",22,14,14,28
"SBCG",23,14,14,28
"SBCG",24,18,18,36
"SBCG",25,23,24,47
"SBCG",26,27,27,54
"SBCG",27,33,33,66
"SBCG",28,34,33,67
"SBCG",29,36,36,72
"SBCG",30,38,37,75
"SBCG",31,40,40,80
"SBCG",32,47,47,94
"SBCG",33,52,50,102
"SBCG",34,57,57,114
"SBCG",35,56,56,112
"SBCG",36,63,64,127
"SBCG",37,58,57,115
"SBCG",38,63,62,125
"SBCG",39,62,61,123
"SBCG",40,64,64,128
"SBCG",41,66,63,129
"SBCG",42,73,78,151
"SBCG",43,73,75,148
"SBCG",44,67,65,132
"SBCG",45,70,68,138
"SBCG",46,71,71,142
"SBCG",47,72,70,142
"SBCG",48,69,68,137
"SBCG",49,75,75,150
"SBCG",50,73,74,147
"SBCG",51,81,78,159
"SBCG",52,73,71,144
"SBCG",53,22,22,44
"SBMK",1,30,30,60
"SBMK",2,36,36,72
"SBMK",3,35,35,70
"SBMK",4,31,31,62
"SBMK",5,33,33,66
"SBMK",6,33,33,66
"SBMK",7,34,35,69
"SBMK",8,26,27,53
"SBMK",9,34,32,66
"SBMK",10,33,34,67
"SBMK",11,30,30,60
"SBMK",12,12,13,25
"SBMK",13,3,3,6
"SBMK",14,3,3,6
"SBMK",15,3,3,6
"SBMK",16,3,3,6
"SBMK",17,3,3,6
"SBMK",18,2,2,4
"SBMK",19,3,3,6
"SBMK",20,3,3,6
"SBMK",21,3,3,6
"SBMK",22,3,3,6
"SBMK",23,3,3,6
"SBMK",24,2,2,4
"SBMK",25,3,3,6
"SBMK",26,3,3,6
"SBMK",27,3,4,7
"SBMK",28,3,3,6
"SBMK",29,4,4,8
"SBMK",30,7,8,15
"SBMK",31,7,7,14
"SBMK",32,7,7,14
"SBMK",33,7,7,14
"SBMK",34,8,8,16
"SBMK",35,11,11,22
"SBMK",36,14,14,28
"SBMK",37,15,15,30
"SBMK",38,16,17,33
"SBMK",39,16,16,32
"SBMK",40,18,16,34
"SBMK",41,19,18,37
"SBMK",42,22,23,45
"SBMK",43,19,18,37
"SBMK",44,22,21,43
"SBMK",45,27,28,55
"SBMK",46,23,22,45
"SBMK",47,24,24,48
"SBMK",48,26,26,52
"SBMK",49,27,27,54
"SBMK",50,27,27,54
"SBMK",51,28,28,56
"SBMK",52,18,18,36
"SBMK",53,4,6,10
"SBLE",1,3,3,6
"SBLE",2,3,3,6
"SBLE",3,3,3,6
"SBLE",4,2,2,4
"SBLE",5,2,2,4
"SBLE",6,2,2,4
"SBLE",7,2,2,4
"SBLE",8,2,2,4
"SBLE",9,2,2,4
"SBLE",10,2,2,4
"SBLE",11,2,2,4
"SBLE",12,1,1,2
"SBCT",1,573,573,1146
"SBCT",2,628,627,1255
"SBCT",3,614,614,1228
"SBCT",4,620,617,1237
"SBCT",5,612,612,1224
"SBCT",6,618,620,1238
"SBCT",7,629,630,1259
"SBCT",8,508,512,1020
"SBCT",9,595,594,1189
"SBCT",10,627,632,1259
"SBCT",11,600,604,1204
"SBCT",12,286,292,578
"SBCT",13,59,61,120
"SBCT",14,46,45,91
"SBCT",15,34,31,65
"SBCT",16,30,29,59
"SBCT",17,38,38,76
"SBCT",18,38,39,77
"SBCT",19,46,50,96
"SBCT",20,51,52,103
"SBCT",21,50,52,102
"SBCT",22,50,47,97
"SBCT",23,51,54,105
"SBCT",24,63,64,127
"SBCT",25,79,81,160
"SBCT",26,80,78,158
"SBCT",27,83,81,164
"SBCT",28,75,74,149
"SBCT",29,85,84,169
"SBCT",30,79,81,160
"SBCT",31,91,88,179
"SBCT",32,102,101,203
"SBCT",33,108,107,215
"SBCT",34,117,120,237
"SBCT",35,121,117,238
"SBCT",36,130,130,260
"SBCT",37,132,128,260
"SBCT",38,127,124,251
"SBCT",39,126,123,249
"SBCT",40,161,159,320
"SBCT",41,186,184,370
"SBCT",42,225,225,450
"SBCT",43,217,215,432
"SBCT",44,225,218,443
"SBCT",45,265,269,534
"SBCT",46,259,258,517
"SBCT",47,256,257,513
"SBCT",48,261,261,522
"SBCT",49,269,266,535
"SBCT",50,274,271,545
"SBCT",51,283,291,574
"SBCT",52,256,256,512
"SBCT",53,68,68,136
"SBSM",1,5,5,10
"SBSM",2,5,5,10
"SBSM",3,6,6,12
"SBSM",4,6,6,12
"SBSM",5,5,5,10
"SBSM",6,7,7,14
"SBSM",7,7,7,14
"SBSM",8,4,4,8
"SBSM",9,7,7,14
"SBSM",10,7,7,14
"SBSM",11,7,7,14
"SBSM",12,5,5,10
"SBSM",49,1,1,2
"SBSM",50,5,5,10
"SBSM",51,5,5,10
"SBSM",52,3,3,6
"SBSM",53,1,1,2
"SBBE",1,274,269,543
"SBBE",2,296,295,591
"SBBE",3,302,300,602
"SBBE",4,296,296,592
"SBBE",5,290,289,579
"SBBE",6,276,276,552
"SBBE",7,273,274,547
"SBBE",8,227,229,456
"SBBE",9,264,263,527
"SBBE",10,267,268,535
"SBBE",11,257,259,516
"SBBE",12,165,172,337
"SBBE",13,44,50,94
"SBBE",14,16,17,33
"SBBE",15,17,17,34
"SBBE",16,21,21,42
"SBBE",17,50,48,98
"SBBE",18,52,50,102
"SBBE",19,47,45,92
"SBBE",20,57,56,113
"SBBE",21,51,51,102
"SBBE",22,52,51,103
"SBBE",23,57,56,113
"SBBE",24,60,60,120
"SBBE",25,69,68,137
"SBBE",26,75,72,147
"SBBE",27,87,83,170
"SBBE",28,101,99,200
"SBBE",29,106,105,211
"SBBE",30,110,110,220
"SBBE",31,116,112,228
"SBBE",32,124,122,246
"SBBE",33,142,140,282
"SBBE",34,156,151,307
"SBBE",35,161,158,319
"SBBE",36,162,162,324
"SBBE",37,178,180,358
"SBBE",38,181,180,361
"SBBE",39,167,167,334
"SBBE",40,183,180,363
"SBBE",41,190,184,374
"SBBE",42,238,234,472
"SBBE",43,230,226,456
"SBBE",44,203,200,403
"SBBE",45,238,235,473
"SBBE",46,228,228,456
"SBBE",47,236,231,467
"SBBE",48,239,234,473
"SBBE",49,255,253,508
"SBBE",50,250,246,496
"SBBE",51,260,256,516
"SBBE",52,230,229,459
"SBBE",53,66,72,138
"SBCH",1,32,30,62
"SBCH",2,36,36,72
"SBCH",3,35,35,70
"SBCH",4,35,35,70
"SBCH",5,37,37,74
"SBCH",6,39,39,78
"SBCH",7,37,38,75
"SBCH",8,30,31,61
"SBCH",9,39,37,76
"SBCH",10,57,57,114
"SBCH",11,54,54,108
"SBCH",12,32,34,66
"SBCH",14,1,1,2
"SBCH",15,1,1,2
"SBCH",19,1,1,2
"SBCH",20,3,3,6
"SBCH",21,3,3,6
"SBCH",22,3,3,6
"SBCH",23,3,3,6
"SBCH",24,4,4,8
"SBCH",25,6,6,12
"SBCH",26,6,6,12
"SBCH",27,8,8,16
"SBCH",28,8,8,16
"SBCH",29,14,14,28
"SBCH",30,11,11,22
"SBCH",31,13,13,26
"SBCH",32,17,17,34
"SBCH",33,19,19,38
"SBCH",34,20,20,40
"SBCH",35,19,19,38
"SBCH",36,21,21,42
"SBCH",37,25,23,48
"SBCH",38,23,25,48
"SBCH",39,23,23,46
"SBCH",40,24,22,46
"SBCH",41,24,25,49
"SBCH",42,31,31,62
"SBCH",43,31,30,61
"SBCH",44,32,31,63
"SBCH",45,38,38,76
"SBCH",46,39,39,78
"SBCH",47,39,38,77
"SBCH",48,38,40,78
"SBCH",49,38,39,77
"SBCH",50,38,38,76
"SBCH",51,41,42,83
"SBCH",52,35,36,71
"SBCH",53,10,10,20
"SBIL",1,75,75,150
"SBIL",2,76,76,152
"SBIL",3,77,77,154
"SBIL",4,74,74,148
"SBIL",5,66,66,132
"SBIL",6,48,48,96
"SBIL",7,48,48,96
"SBIL",8,51,50,101
"SBIL",9,50,50,100
"SBIL",10,50,49,99
"SBIL",11,52,51,103
"SBIL",12,41,43,84
"SBIL",13,5,5,10
"SBIL",14,2,2,4
"SBIL",15,1,1,2
"SBIL",24,2,2,4
"SBIL",25,3,3,6
"SBIL",26,3,3,6
"SBIL",27,7,7,14
"SBIL",28,7,7,14
"SBIL",29,8,8,16
"SBIL",30,6,7,13
"SBIL",31,8,8,16
"SBIL",32,9,9,18
"SBIL",33,13,13,26
"SBIL",34,17,17,34
"SBIL",35,18,18,36
"SBIL",36,23,23,46
"SBIL",37,21,22,43
"SBIL",38,23,23,46
"SBIL",39,26,26,52
"SBIL",40,25,25,50
"SBIL",41,22,25,47
"SBIL",42,30,29,59
"SBIL",43,29,30,59
"SBIL",44,29,30,59
"SBIL",45,46,46,92
"SBIL",46,41,41,82
"SBIL",47,41,41,82
"SBIL",48,42,42,84
"SBIL",49,41,41,82
"SBIL",50,47,46,93
"SBIL",51,60,57,117
"SBIL",52,58,57,115
"SBIL",53,13,13,26
"SBNM",1,4,4,8
"SBNM",2,4,4,8
"SBNM",3,4,4,8
"SBNM",4,5,5,10
"SBNM",5,5,5,10
"SBNM",6,4,4,8
"SBNM",7,4,4,8
"SBNM",8,4,4,8
"SBNM",9,4,4,8
"SBNM",10,4,4,8
"SBNM",11,4,4,8
"SBNM",12,3,3,6
"SBSP",1,1753,1763,3516
"SBSP",2,1787,1780,3567
"SBSP",3,1769,1769,3538
"SBSP",4,1783,1779,3562
"SBSP",5,1744,1744,3488
"SBSP",6,1754,1758,3512
"SBSP",7,1766,1762,3528
"SBSP",8,1631,1630,3261
"SBSP",9,1751,1747,3498
"SBSP",10,1778,1777,3555
"SBSP",11,1671,1672,3343
"SBSP",12,759,760,1519
"SBSP",13,96,102,198
"SBSP",14,32,30,62
"SBSP",15,26,16,42
"SBSP",16,1,0,1
"SBSP",18,1,0,1
"SBSP",19,2,0,2
"SBSP",21,14,11,25
"SBSP",22,21,21,42
"SBSP",23,27,27,54
"SBSP",24,83,82,165
"SBSP",25,129,127,256
"SBSP",26,129,129,258
"SBSP",27,167,170,337
"SBSP",28,128,132,260
"SBSP",29,147,146,293
"SBSP",30,153,153,306
"SBSP",31,163,184,347
"SBSP",32,111,107,218
"SBSP",33,112,112,224
"SBSP",34,102,102,204
"SBSP",35,120,119,239
"SBSP",36,156,149,305
"SBSP",37,194,194,388
"SBSP",38,232,236,468
"SBSP",39,265,267,532
"SBSP",40,363,359,722
"SBSP",41,429,430,859
"SBSP",42,459,461,920
"SBSP",43,450,453,903
"SBSP",44,476,482,958
"SBSP",45,574,567,1141
"SBSP",46,575,574,1149
"SBSP",47,566,562,1128
"SBSP",48,582,595,1177
"SBSP",49,611,609,1220
"SBSP",50,607,606,1213
"SBSP",51,723,723,1446
"SBSP",52,726,734,1460
"SBSP",53,209,198,407
"SBFN",1,37,37,74
"SBFN",2,37,37,74
"SBFN",3,37,37,74
"SBFN",4,37,37,74
"SBFN",5,36,36,72
"SBFN",6,34,34,68
"SBFN",7,34,35,69
"SBFN",8,35,35,70
"SBFN",9,36,36,72
"SBFN",10,37,37,74
"SBFN",11,36,36,72
"SBFN",12,23,23,46
"SBFN",13,3,3,6
"SBFN",14,2,2,4
"SBFN",15,1,1,2
"SBFN",16,1,1,2
"SBFN",17,1,1,2
"SBFN",18,1,1,2
"SBFN",19,1,1,2
"SBFN",20,1,1,2
"SBFN",22,2,2,4
"SBFN",23,1,1,2
"SBFN",24,2,2,4
"SBFN",25,2,2,4
"SBFN",26,3,1,4
"SBFN",27,1,2,3
"SBFN",28,5,4,9
"SBFN",29,3,3,6
"SBFN",30,3,3,6
"SBFN",31,5,3,8
"SBFN",32,3,3,6
"SBFN",33,6,6,12
"SBFN",34,4,4,8
"SBFN",35,3,3,6
"SBFN",36,4,4,8
"SBFN",37,3,3,6
"SBFN",38,4,4,8
"SBFN",39,4,4,8
"SBFN",40,5,5,10
"SBFN",41,7,7,14
"SBFN",42,11,11,22
"SBFN",43,9,9,18
"SBFN",44,13,13,26
"SBFN",45,10,10,20
"SBFN",46,14,14,28
"SBFN",47,17,17,34
"SBFN",48,15,15,30
"SBFN",49,15,16,31
"SBFN",50,16,16,32
"SBFN",51,24,24,48
"SBFN",52,21,21,42
"SBFN",53,6,6,12
"SBCF",1,997,1005,2002
"SBCF",2,1035,1040,2075
"SBCF",3,1017,1018,2035
"SBCF",4,1007,1011,2018
"SBCF",5,1012,1017,2029
"SBCF",6,1007,1010,2017
"SBCF",7,984,980,1964
"SBCF",8,819,818,1637
"SBCF",9,937,939,1876
"SBCF",10,965,971,1936
"SBCF",11,912,918,1830
"SBCF",12,508,476,984
"SBCF",13,129,115,244
"SBCF",14,89,83,172
"SBCF",15,58,59,117
"SBCF",16,55,62,117
"SBCF",17,65,69,134
"SBCF",18,57,61,118
"SBCF",19,79,81,160
"SBCF",20,85,90,175
"SBCF",21,84,88,172
"SBCF",22,87,91,178
"SBCF",23,90,88,178
"SBCF",24,94,99,193
"SBCF",25,112,112,224
"SBCF",26,119,122,241
"SBCF",27,128,134,262
"SBCF",28,142,148,290
"SBCF",29,156,161,317
"SBCF",30,176,178,354
"SBCF",31,197,196,393
"SBCF",32,218,225,443
"SBCF",33,236,241,477
"SBCF",34,256,261,517
"SBCF",35,265,265,530
"SBCF",36,318,317,635
"SBCF",37,334,334,668
"SBCF",38,309,302,611
"SBCF",39,306,302,608
"SBCF",40,362,373,735
"SBCF",41,402,403,805
"SBCF",42,428,433,861
"SBCF",43,424,428,852
"SBCF",44,423,424,847
"SBCF",45,537,539,1076
"SBCF",46,523,528,1051
"SBCF",47,535,542,1077
"SBCF",48,554,551,1105
"SBCF",49,601,604,1205
"SBCF",50,617,612,1229
"SBCF",51,668,661,1329
"SBCF",52,585,584,1169
"SBCF",53,170,155,325
"SBUL",1,106,106,212
"SBUL",2,111,111,222
"SBUL",3,110,112,222
"SBUL",4,111,109,220
"SBUL",5,110,112,222
"SBUL",6,113,113,226
"SBUL",7,105,105,210
"SBUL",8,94,94,188
"SBUL",9,99,101,200
"SBUL",10,108,109,217
"SBUL",11,109,111,220
"SBUL",12,53,56,109
"SBUL",13,7,7,14
"SBUL",14,5,5,10
"SBUL",15,3,3,6
"SBUL",16,2,2,4
"SBUL",17,3,3,6
"SBUL",18,3,3,6
"SBUL",19,4,4,8
"SBUL",20,5,5,10
"SBUL",21,5,4,9
"SBUL",22,7,6,13
"SBUL",23,4,9,13
"SBUL",24,8,7,15
"SBUL",25,11,13,24
"SBUL",26,12,13,25
"SBUL",27,17,16,33
"SBUL",28,16,17,33
"SBUL",29,18,18,36
"SBUL",30,20,20,40
"SBUL",31,21,21,42
"SBUL",32,26,26,52
"SBUL",33,30,30,60
"SBUL",34,39,39,78
"SBUL",35,41,40,81
"SBUL",36,42,42,84
"SBUL",37,55,55,110
"SBUL",38,61,61,122
"SBUL",39,64,63,127
"SBUL",40,64,64,128
"SBUL",41,58,58,116
"SBUL",42,72,73,145
"SBUL",43,70,70,140
"SBUL",44,66,68,134
"SBUL",45,75,76,151
"SBUL",46,68,69,137
"SBUL",47,70,69,139
"SBUL",48,72,71,143
"SBUL",49,77,77,154
"SBUL",50,82,83,165
"SBUL",51,83,86,169
"SBUL",52,75,75,150
"SBUL",53,19,20,39
"SBCX",1,18,18,36
"SBCX",2,19,19,38
"SBCX",3,17,17,34
"SBCX",4,19,19,38
"SBCX",5,19,19,38
"SBCX",6,19,19,38
"SBCX",7,20,20,40
"SBCX",8,15,15,30
"SBCX",9,19,19,38
"SBCX",10,20,20,40
"SBCX",11,19,19,38
"SBCX",12,9,10,19
"SBCX",34,1,1,2
"SBCX",35,1,1,2
"SBCX",36,3,3,6
"SBCX",37,3,3,6
"SBCX",38,3,3,6
"SBCX",39,3,3,6
"SBCX",40,2,2,4
"SBCX",41,5,4,9
"SBCX",42,3,3,6
"SBCX",43,3,3,6
"SBCX",44,4,4,8
"SBCX",45,4,4,8
"SBCX",46,4,4,8
"SBCX",47,4,4,8
"SBCX",48,5,5,10
"SBCX",49,5,5,10
"SBCX",50,6,6,12
"SBCX",51,5,5,10
"SBCX",52,4,4,8
"SBCX",53,1,1,2
"SBTC",3,3,3,6
"SBTC",4,3,3,6
"SBTC",5,1,1,2
"SBTC",6,7,7,14
"SBTC",7,3,3,6
"SBTC",8,2,2,4
"SBTC",9,8,8,16
"SBTC",10,6,6,12
"SBTC",11,4,4,8
"SBJC",18,3,2,5
"SBJC",19,4,5,9
"SBJC",20,3,4,7
"SBJC",21,1,0,1
"SBJC",22,0,1,1
"SBJC",23,1,1,2
"SBJC",24,1,1,2
"SBJC",25,1,1,2
"SBJC",26,1,1,2
"SBJC",27,2,3,5
"SBJC",34,0,1,1
"SBJC",45,1,0,1
"SBGU",1,1,1,2
"SBGU",2,1,1,2
"SBGU",11,1,1,2
